device:		L = 4 um (1.5:1:1.5), uBias = 0.2 eV, T = 300 K
mix. par.:	alpha = 2e-5, beta = 1

No dissipation

484	12305.2	0.0166397	0.0164876	-3.93422e-08	101.166	4.33166e-05	1.05222e-05	1.71455e-06	202
485	12204.5	0.0166397	0.0164876	-3.94211e-08	100.714	4.3161e-05	1.05065e-05	1.712e-06	203
486	12104.2	0.0166397	0.0164876	-3.94998e-08	100.269	4.30056e-05	1.04909e-05	1.70945e-06	204
487	12004.4	0.0166397	0.0164876	-3.95783e-08	99.8227	4.28516e-05	1.04753e-05	1.70692e-06	205
488	11905	0.0166397	0.0164876	-3.96567e-08	99.3785	4.26972e-05	1.04597e-05	1.70438e-06	206
# Final current = 11905 [Acm^-2]
# N = 5.94274e+14 [cm^-2]
# RUN TIME: 3.44358 min, 

tR = 1e-12

1199	9542.65	0.0166386	0.0164876	-6.92638e-08	100.363	2.34668e-05	5.37088e-06	8.75613e-07	799
1200	9526.93	0.0166386	0.0164876	-6.9304e-08	100.193	2.34359e-05	5.36563e-06	8.74758e-07	800
1201	9511.26	0.0166386	0.0164876	-6.93441e-08	100.023	2.3405e-05	5.36039e-06	8.73903e-07	801
1202	9495.61	0.0166386	0.0164876	-6.93842e-08	99.8532	2.33739e-05	5.35515e-06	8.73049e-07	802
1203	9480	0.0166386	0.0164876	-6.94243e-08	99.6835	2.33428e-05	5.34992e-06	8.72197e-07	803
# Final current = 9480 [Acm^-2]
# N = 5.94236e+14 [cm^-2]
# RUN TIME: 8.70117 min, 

tM = 1e-12

280	6334.22	0.0166396	0.0164876	-3.39966e-08	74.5438	0.000101124	1.55472e-05	2.53309e-06	0
281	6260.15	0.0166396	0.0164876	-3.40643e-08	74.0681	0.000100685	1.55224e-05	2.52906e-06	0
282	6186.56	0.0166396	0.0164876	-3.41315e-08	73.5968	0.000100249	1.54977e-05	2.52505e-06	0
283	6113.43	0.0166396	0.0164876	-3.41983e-08	73.1295	9.98153e-05	1.54731e-05	2.52105e-06	1
284	6040.76	0.0166395	0.0164876	-3.42647e-08	72.6662	9.93834e-05	1.54486e-05	2.51707e-06	2
# Final current = 6040.76 [Acm^-2]
# N = 5.9427e+14 [cm^-2]
# RUN TIME: 3.44393 min

tR = tM = 1e-12

1249	9346.4	0.0166388	0.0164876	-9.00805e-08	100.376	3.49531e-05	6.12791e-06	9.99149e-07	772
1250	9336.5	0.0166388	0.0164876	-9.01208e-08	100.222	3.49215e-05	6.12264e-06	9.98291e-07	773
1251	9326.62	0.0166388	0.0164876	-9.01611e-08	100.069	3.48899e-05	6.11738e-06	9.97433e-07	774
1252	9316.76	0.0166388	0.0164876	-9.02014e-08	99.9165	3.48584e-05	6.11212e-06	9.96576e-07	775
1253	9306.92	0.0166388	0.0164876	-9.02416e-08	99.7641	3.48269e-05	6.10687e-06	9.9572e-07	776
# Final current = 9306.92 [Acm^-2]
# N = 5.94243e+14 [cm^-2]
# RUN TIME: 18.177 min, 
