ARMA_MAT_TXT_FN008
200 1
   1.3156917475471706e-09
  -4.4829979757721356e-10
   1.0130946429027200e-12
   4.6632016802779014e-14
  -7.0520962143086475e-17
  -5.3491565237824904e-18
   4.4443231785858807e-21
   6.0618530501335441e-22
  -9.8942774483819005e-26
  -6.8209032700687370e-26
  -3.3678572611713913e-29
   7.6176275914505473e-30
   8.7213567824279622e-33
  -8.4419510625745856e-34
  -1.5151499223942306e-36
   9.2816483861195514e-38
   2.2721731055197998e-40
  -1.0122448800517003e-41
  -3.1473790814109457e-44
   1.0948240683924874e-45
   4.1423145652706488e-48
  -1.1741388018493253e-49
  -5.2554854110305535e-52
   1.2483154792003816e-53
   6.4820131832992197e-56
  -1.3154228129283226e-57
  -7.8133886630957275e-60
   1.3735324760115092e-61
   9.2373466059560459e-64
  -1.4207859005098544e-65
  -1.0737883344498274e-67
   1.4554644037188098e-69
   1.2295443830638294e-71
  -1.4760600300841005e-73
  -1.3887395291593441e-75
   1.4813627716219423e-77
   1.5489973302432518e-79
  -1.4708570672748226e-81
  -1.7095102084045441e-83
   1.4483223263176607e-85
   1.8819857421530167e-87
  -1.4301923052518644e-89
  -2.0995511505905609e-91
   1.4141076435180855e-93
   2.4102655961000048e-95
  -1.2837733519442597e-97
  -2.9361304850205368e-99
  7.8624369458439395e-103
  4.0053267113245043e-103
  1.1259686135115821e-104
 -3.0654067160166726e-107
 -1.1869999308303266e-107
 -6.9065078836767179e-110
  1.1426453202843811e-110
  1.0604486494256244e-112
 -1.1974278815962189e-113
 -1.0190553783754308e-115
  1.5091408179420168e-116
  8.0105382629500308e-119
 -2.1622471759897889e-119
 -7.7302644284192401e-122
  3.1181175950556500e-122
  1.2568421002847473e-124
 -4.2309597566485777e-125
 -2.4043462311642497e-127
  5.2632861593718674e-128
  4.2579217372968051e-130
 -5.8009741531741851e-131
 -6.7252245054353040e-133
  4.9981359964455232e-134
  9.1615740855671887e-136
 -1.1084697587540586e-137
 -8.8960900227659229e-139
 -9.2446263863325750e-140
 -2.2121513740496222e-142
  3.2187322185501029e-142
  4.5197649000382115e-144
 -7.8465871568556507e-145
 -1.7030831790601548e-146
  1.6684453456724023e-147
  4.9526149196882260e-149
 -3.3053425363905949e-150
 -1.3016936234328477e-151
  6.2915454306118028e-153
  3.2974930957206400e-154
 -1.1683891964026882e-155
 -8.3937864860994435e-157
  2.1148341084519145e-158
  2.2253386797983042e-159
 -3.5745999360140370e-161
 -6.3772913969964530e-162
  4.3244752831987088e-164
  2.0648548435030245e-164
  5.5723109796396356e-167
 -2.7624841197396806e-166
  2.5779156220136009e-165
  2.0219831657603550e-164
 -3.8670241029245360e-164
 -1.1354014053100852e-162
 -1.9573702777069337e-162
 -4.4309028687530791e-162
 -3.9999485864369158e-162
 -1.1384476293702026e-160
 -5.4523696787808243e-160
  6.6490292583778050e-159
  7.4564011397766569e-158
 -1.3780610514116887e-157
 -5.8722503578790043e-156
 -1.4410417302504430e-155
  3.2279365001099211e-154
  2.0267891456995322e-153
 -9.9577870319177217e-153
 -1.3913786791687259e-151
 -5.0709083864883498e-151
  2.0265678664413062e-150
  1.3472708200132592e-148
  6.9104643917877071e-148
 -3.0404105488751021e-146
 -2.1125032716752799e-145
  7.5686569187155252e-144
  7.1461239600638011e-143
 -1.4432713653633294e-141
 -1.5649146765093697e-140
  2.0616587132962055e-139
  1.9935786899541167e-138
 -1.3848003267289745e-137
  1.1870027334380938e-136
 -1.9474353224082615e-135
 -1.2181473008699791e-133
  8.5865943621358018e-133
  2.8292042613427576e-131
 -1.3772074672569282e-130
 -2.1363368314919138e-129
  4.0589965580108821e-128
  1.8297492563184317e-127
 -1.2143928144557297e-125
 -2.6901768875741715e-124
  1.3009932806341671e-122
  4.6915372576971472e-121
 -1.6422060868153012e-119
 -7.0997436948284224e-118
  1.5676943700022113e-116
  8.8957057454330139e-115
 -1.2991412242534420e-113
 -9.8164913620878693e-112
  8.7931230529846477e-111
  9.5805337506038829e-109
 -4.0621170037556097e-108
 -8.0762367594610448e-106
  3.2795411959601387e-106
  5.6680504061140388e-103
  1.7067255382854806e-102
 -3.0105112796059090e-100
  -3.8195012061015568e-99
  -1.4833374791784984e-98
   2.3626106078087704e-95
   1.3545518472389811e-93
  -2.0792043550769899e-91
  -1.3867538430591660e-89
   1.8746737071761429e-87
   1.4061062811488002e-85
  -1.7055062350613052e-83
  -1.4304471481551159e-81
   1.5472368140104156e-79
   1.4429073227537576e-77
  -1.3890046297030877e-75
  -1.4397470905123444e-73
   1.2316382723285877e-71
   1.4214506841540361e-69
  -1.0774966540575537e-67
  -1.3891847924130213e-65
   9.2883108606427184e-64
   1.3444135088691087e-61
  -7.8759172665996582e-60
  -1.2888131365902542e-57
   6.5537992485717502e-56
   1.2242025208785776e-53
  -5.3342894752802347e-52
  -1.1524738708799127e-49
   4.2260147086318063e-48
   1.0755266981291447e-45
  -3.2340123685461928e-44
  -9.9520768471939057e-42
   2.3599676852576898e-40
   9.1325866183658499e-38
  -1.6025476189114919e-36
  -8.3127424809328895e-34
   9.5780536795159964e-33
   7.5067008824375274e-30
  -4.1962821213824402e-29
  -6.7266210766214718e-26
  -1.9797742478509645e-26
   5.9825596859388907e-22
   3.6960849280782529e-21
  -5.2830469611655606e-18
  -6.3605489387846290e-17
   4.6128999621767751e-14
   9.3406499065106882e-13
  -4.4017710474616216e-10
   1.2932542013622808e-09
