# Setting up potential

#==========================================================================#
# SET PARAMETERS                                                           #
# Variable name          variable's value (a.u.)  variable's value (SI)    #
# m*                     0.067                    -                        #
# contact_temp_          77                       -                        #
# L                      945.18                   50                       #
# L_C                    283.554                  15                       #
# L_D                    378.072                  20                       #
# L_YZ                   1                        0.00279841               #
# kmax                   0.06                     1.13422                  #
# Nx                     150                      -                        #
# dx                     6.34349                  0.33557                  #
# Nk                     150                      -                        #
# dk                     0.000805369              0.0152244                #
# dx*dk                  0.00510885               -                        #
# courant_num            9.68996                  -                        #
# dt                     206.612                  5e-15                    #
# fermi_energy           0.00315686               0.0859012                #
# set_uF                 true                     true                     #
# gwp_x0                 263.916                  -                        #
# gwp_dx                 87.9719                  -                        #
# gwp_p0                 0.0206985                -                        #
# gwp_dp                 0.0112829                -                        #
# gwp_A                  160.346                  -                        #
# use NLP?               false                    false                    #
# rR                     0                        0                        #
# rM                     0                        0                        #
# lambda                 0                        0                        #
# rG                     0                        0                        #
# dist                   1                        -                        #
# cD                     2.96e-07                 2e+18                    #
# v_bias                 0.00367498               -                        #
#==========================================================================#

# sigma = -0.001 dirichletL -0.207533 dirichletR -0.207533 n 200 h 18.9036
0 -5.59101 0
1 -5.53485 0
2 -5.47868 0
3 -5.42252 0
4 -5.36636 0
5 -5.3102 0
6 -5.25403 0
7 -5.19787 0
8 -5.14171 0
9 -5.08555 0
10 -5.02938 0
11 -4.97322 0
12 -4.91706 0
13 -4.8609 0
14 -4.80473 0
15 -4.74857 0
16 -4.69241 0
17 -4.63625 0
18 -4.58008 0
19 -4.52392 0
20 -4.46776 0
21 -4.4116 0
22 -4.35543 0
23 -4.29927 0
24 -4.24311 0
25 -4.18695 0
26 -4.13078 0
27 -4.07462 0
28 -4.01846 0
29 -3.9623 0
30 -3.90613 0
31 -3.84997 0
32 -3.79381 0
33 -3.73765 0
34 -3.68148 0
35 -3.62532 0
36 -3.56916 0
37 -3.513 0
38 -3.45683 0
39 -3.40067 0
40 -3.34451 0
41 -3.28835 0
42 -3.23218 0
43 -3.17602 0
44 -3.11986 0
45 -3.0637 0
46 -3.00753 0
47 -2.95137 0
48 -2.89521 0
49 -2.83905 0
50 -2.78288 0
51 -2.72672 0
52 -2.67056 0
53 -2.6144 0
54 -2.55823 0
55 -2.50207 0
56 -2.44591 0
57 -2.38975 0
58 -2.33358 0
59 -2.27742 0
60 -2.22126 0
61 -2.1651 0
62 -2.10893 0
63 -2.05277 0
64 -1.99661 0
65 -1.94045 0
66 -1.88428 0
67 -1.82812 0
68 -1.77196 0
69 -1.7158 0
70 -1.65963 0
71 -1.60347 0
72 -1.54731 0
73 -1.49115 0
74 -1.43499 0
75 -1.37882 0
76 -1.32266 0
77 -1.2665 0
78 -1.21034 0
79 -1.15417 0
80 -1.09801 0
81 -1.04185 0
82 -0.985685 0
83 -0.929523 0
84 -0.87336 0
85 -0.817198 0
86 -0.761035 0
87 -0.704873 0
88 -0.648711 0
89 -0.592548 0
90 -0.536386 0
91 -0.480223 0
92 -0.424061 0
93 -0.367898 0
94 -0.311736 0
95 -0.255573 0
96 -0.199411 0
97 -0.143248 0
98 -0.0870859 0
99 -0.0309234 0
100 0.0252391 -1
101 -0.031485 0
102 -0.0882091 0
103 -0.144933 0
104 -0.201657 0
105 -0.258381 0
106 -0.315105 0
107 -0.37183 0
108 -0.428554 0
109 -0.485278 0
110 -0.542002 0
111 -0.598726 0
112 -0.65545 0
113 -0.712174 0
114 -0.768898 0
115 -0.825622 0
116 -0.882346 0
117 -0.93907 0
118 -0.995795 0
119 -1.05252 0
120 -1.10924 0
121 -1.16597 0
122 -1.22269 0
123 -1.27942 0
124 -1.33614 0
125 -1.39286 0
126 -1.44959 0
127 -1.50631 0
128 -1.56304 0
129 -1.61976 0
130 -1.67648 0
131 -1.73321 0
132 -1.78993 0
133 -1.84666 0
134 -1.90338 0
135 -1.9601 0
136 -2.01683 0
137 -2.07355 0
138 -2.13028 0
139 -2.187 0
140 -2.24372 0
141 -2.30045 0
142 -2.35717 0
143 -2.4139 0
144 -2.47062 0
145 -2.52735 0
146 -2.58407 0
147 -2.64079 0
148 -2.69752 0
149 -2.75424 0
150 -2.81097 0
151 -2.86769 0
152 -2.92441 0
153 -2.98114 0
154 -3.03786 0
155 -3.09459 0
156 -3.15131 0
157 -3.20803 0
158 -3.26476 0
159 -3.32148 0
160 -3.37821 0
161 -3.43493 0
162 -3.49165 0
163 -3.54838 0
164 -3.6051 0
165 -3.66183 0
166 -3.71855 0
167 -3.77528 0
168 -3.832 0
169 -3.88872 0
170 -3.94545 0
171 -4.00217 0
172 -4.0589 0
173 -4.11562 0
174 -4.17234 0
175 -4.22907 0
176 -4.28579 0
177 -4.34252 0
178 -4.39924 0
179 -4.45596 0
180 -4.51269 0
181 -4.56941 0
182 -4.62614 0
183 -4.68286 0
184 -4.73958 0
185 -4.79631 0
186 -4.85303 0
187 -4.90976 0
188 -4.96648 0
189 -5.02321 0
190 -5.07993 0
191 -5.13665 0
192 -5.19338 0
193 -5.2501 0
194 -5.30683 0
195 -5.36355 0
196 -5.42027 0
197 -5.477 0
198 -5.53372 0
199 -5.59045 0
# Final current = 0 [Acm^-2]
# N = 0 [cm^-2]
# RUN TIME: 0.14394 s, 
