# T = 77 K, m* = 0.067*m0
# 0 eV, 1 um, alpha = 2e-4
# i u(i)
0 -2.99993e-05
126.87 -3.53528e-05
253.739 -3.5285e-05
380.609 -3.51463e-05
507.479 -3.50662e-05
634.349 -3.51086e-05
761.218 -3.51188e-05
888.088 -3.51206e-05
1014.96 -3.51136e-05
1141.83 -3.51099e-05
1268.7 -3.51083e-05
1395.57 -3.51084e-05
1522.44 -3.51083e-05
1649.31 -3.5107e-05
1776.18 -3.5103e-05
1903.05 -3.50935e-05
2029.92 -3.50739e-05
2156.79 -3.50353e-05
2283.66 -3.49607e-05
2410.53 -3.4819e-05
2537.39 -3.45555e-05
2664.26 -3.40746e-05
2791.13 -3.32118e-05
2918 -3.16697e-05
3044.87 -2.88802e-05
3171.74 -2.37726e-05
3298.61 -1.45259e-05
3425.48 1.84599e-06
3552.35 3.02256e-05
3679.22 7.85404e-05
3806.09 0.000157089
3932.96 0.000271581
4059.83 0.000416168
4186.7 0.000576633
4313.57 0.000738688
4440.44 0.000892659
4567.31 0.00103379
4694.18 0.00116075
4821.05 0.00127411
4947.92 0.00137525
5074.79 0.00146577
5201.66 0.0015472
5328.53 0.00162087
5455.4 0.00168792
5582.27 0.00174926
5709.14 0.00180566
5836.01 0.00185773
5962.88 0.00190597
6089.75 0.00195079
6216.62 0.00199252
6343.49 0.00203146
6470.36 0.00206783
6597.23 0.00210184
6724.1 0.00213364
6850.97 0.00216339
6977.84 0.00219121
7104.71 0.00221719
7231.58 0.00224143
7358.45 0.00226401
7485.31 0.002285
7612.18 0.00230445
7739.05 0.00232242
7865.92 0.00233895
7992.79 0.00235408
8119.66 0.00236785
8246.53 0.00238028
8373.4 0.0023914
8500.27 0.00240124
8627.14 0.0024098
8754.01 0.00241712
8880.88 0.00242319
9007.75 0.00242804
9134.62 0.00243167
9261.49 0.00243408
9388.36 0.00243529
9515.23 0.00243529
9642.1 0.00243407
9768.97 0.00243165
9895.84 0.00242802
10022.7 0.00242316
10149.6 0.00241708
10276.4 0.00240976
10403.3 0.00240118
10530.2 0.00239134
10657.1 0.00238021
10783.9 0.00236777
10910.8 0.002354
11037.7 0.00233886
11164.5 0.00232233
11291.4 0.00230435
11418.3 0.00228489
11545.1 0.0022639
11672 0.00224131
11798.9 0.00221706
11925.8 0.00219108
12052.6 0.00216326
12179.5 0.0021335
12306.4 0.00210169
12433.2 0.00206768
12560.1 0.0020313
12687 0.00199236
12813.8 0.00195062
12940.7 0.00190579
13067.6 0.00185755
13194.5 0.00180548
13321.3 0.00174908
13448.2 0.00168773
13575.1 0.00162068
13701.9 0.001547
13828.8 0.00146557
13955.7 0.00137504
14082.5 0.0012739
14209.4 0.00116055
14336.3 0.00103358
14463.2 0.000892454
14590 0.000738485
14716.9 0.000576434
14843.8 0.000415975
14970.6 0.000271396
15097.5 0.000156912
15224.4 7.83731e-05
15351.2 3.00691e-05
15478.1 1.70345e-06
15605 -1.46531e-05
15731.8 -2.38873e-05
15858.7 -2.89857e-05
15985.6 -3.17651e-05
16112.5 -3.32924e-05
16239.3 -3.41382e-05
16366.2 -3.46051e-05
16493.1 -3.48592e-05
16619.9 -3.49953e-05
16746.8 -3.50668e-05
16873.7 -3.51037e-05
17000.5 -3.51222e-05
17127.4 -3.51312e-05
17254.3 -3.5135e-05
17381.2 -3.51362e-05
17508 -3.51363e-05
17634.9 -3.51362e-05
17761.8 -3.51378e-05
17888.6 -3.51416e-05
18015.5 -3.51483e-05
18142.4 -3.51461e-05
18269.2 -3.51346e-05
18396.1 -3.50919e-05
18523 -3.51685e-05
18649.9 -3.52996e-05
18776.7 -3.5349e-05
18903.6 -3.008e-05
