ARMA_MAT_TXT_FN008
200 1
   2.7879029789612873e-09
   5.0542172786636957e-09
   6.2514106029235915e-09
   6.5105246885487451e-09
   6.1453981492047024e-09
   5.3969641904272080e-09
   4.4328854069163852e-09
   3.3620989349038561e-09
   2.2539917503711172e-09
   1.1525256361636302e-09
   8.6040186549066243e-11
  -9.2630964640443052e-10
  -1.8705323164061519e-09
  -2.7357985129411505e-09
  -3.5132794950518212e-09
  -4.1951646711350049e-09
  -4.7735151964346071e-09
  -5.2391319683595894e-09
  -5.5805840145020215e-09
  -5.7834302601753789e-09
  -5.8295996208034043e-09
  -5.6970292144614190e-09
  -5.3594962250728382e-09
  -4.7867934745991566e-09
  -3.9459750502893781e-09
  -2.8032563439126891e-09
  -1.3260168204165862e-09
   5.1376614704700160e-10
   2.7350785793664801e-09
   5.3423783798942790e-09
   8.3154398047913708e-09
   1.1596285657800670e-08
   1.5072009576962038e-08
   1.8563224613370664e-08
   2.1811347935632740e-08
   2.4471425305233495e-08
   2.6175430403614279e-08
   2.6568677946066055e-08
   2.5316054057707650e-08
   2.2314024274767385e-08
   1.7971704718357782e-08
   1.3135522697149599e-08
   8.6618068068081312e-09
   5.0549579717210799e-09
   2.4201388440233586e-09
   6.2103700737013607e-10
  -5.5394304980417698e-10
  -1.2993797911088586e-09
  -1.7631791784561519e-09
  -2.0476277986929488e-09
  -2.2199218515682692e-09
  -2.3229512650446879e-09
  -2.3836388579266095e-09
  -2.4187048258422475e-09
  -2.4384442693472084e-09
  -2.4491403589066517e-09
  -2.4545884336026430e-09
  -2.4570532400908226e-09
  -2.4578672036390395e-09
  -2.4578017361770279e-09
  -2.4572953793859279e-09
  -2.4565921848674300e-09
  -2.4558243947972396e-09
  -2.4550610437136754e-09
  -2.4543360549547378e-09
  -2.4536642203940053e-09
  -2.4530501509206305e-09
  -2.4524932204135820e-09
  -2.4519902621618033e-09
  -2.4515370210003483e-09
  -2.4511289231927879e-09
  -2.4507614742979135e-09
  -2.4504304545545122e-09
  -2.4501320040653072e-09
  -2.4498626481765081e-09
  -2.4496192908638102e-09
  -2.4493991917068762e-09
  -2.4491999353126011e-09
  -2.4490193982573345e-09
  -2.4488557164139079e-09
  -2.4487072542103587e-09
  -2.4485725765680635e-09
  -2.4484504237873659e-09
  -2.4483396893764281e-09
  -2.4482394006795852e-09
  -2.4481487021053472e-09
  -2.4480668407402160e-09
  -2.4479931541317813e-09
  -2.4479270600126265e-09
  -2.4478680477051933e-09
  -2.4478156709084200e-09
  -2.4477695415404503e-09
  -2.4477293243284464e-09
  -2.4476947319238042e-09
  -2.4476655204422500e-09
  -2.4476414855699898e-09
  -2.4476224592556479e-09
  -2.4476083078569116e-09
  -2.4475989300613405e-09
  -2.4475942600347955e-09
  -2.4475942612527110e-09
  -2.4475989371106047e-09
  -2.4476083240846430e-09
  -2.4476224832979130e-09
  -2.4476415128091148e-09
  -2.4476655445591698e-09
  -2.4476947474049381e-09
  -2.4477293282962825e-09
  -2.4477695345140614e-09
  -2.4478156563180706e-09
  -2.4478680305330470e-09
  -2.4479270451406598e-09
  -2.4479931449792251e-09
  -2.4480668385657476e-09
  -2.4481487060633733e-09
  -2.4482394084657188e-09
  -2.4483396981526424e-09
  -2.4484504310616415e-09
  -2.4485725807896546e-09
  -2.4487072549776924e-09
  -2.4488557143250188e-09
  -2.4490193945250509e-09
  -2.4491999313028095e-09
  -2.4493991885421957e-09
  -2.4496192891839971e-09
  -2.4498626480833481e-09
  -2.4501320052236207e-09
  -2.4504304563855778e-09
  -2.4507614761919503e-09
  -2.4511289246792922e-09
  -2.4515370218411179e-09
  -2.4519902623605417e-09
  -2.4524932201592066e-09
  -2.4530501504947545e-09
  -2.4536642200740717e-09
  -2.4543360549371648e-09
  -2.4550610440692398e-09
  -2.4558243954595221e-09
  -2.4565921856475830e-09
  -2.4572953800052856e-09
  -2.4578017363124047e-09
  -2.4578672029819487e-09
  -2.4570532384257738e-09
  -2.4545884309043728e-09
  -2.4491403554343771e-09
  -2.4384442656654138e-09
  -2.4187048226160008e-09
  -2.3836388552204381e-09
  -2.3229512607094041e-09
  -2.2199218381892523e-09
  -2.0476277586616042e-09
  -1.7631790772602897e-09
  -1.2993795698988044e-09
  -5.5394261880590972e-10
   6.2103777317715808e-10
   2.4201400965999207e-09
   5.0549598065318086e-09
   8.6618089220611968e-09
   1.3135523602139092e-08
   1.7971700944776411e-08
   2.2314011364406449e-08
   2.5316030377084675e-08
   2.6568647024710864e-08
   2.6175396185677886e-08
   2.4471387313434678e-08
   2.1811305849826380e-08
   1.8563180106351184e-08
   1.5071961312358906e-08
   1.1596233405214902e-08
   8.3153825378297883e-09
   5.3423088742022227e-09
   2.7349871127367949e-09
   5.1369282307649838e-10
  -1.3260490816482194e-09
  -2.8032044024299280e-09
  -3.9458264090534698e-09
  -4.7866143941654191e-09
  -5.3593203777647356e-09
  -5.6968582640499026e-09
  -5.8294494021283223e-09
  -5.7833145853044778e-09
  -5.5805283193569617e-09
  -5.2391446860693516e-09
  -4.7735742549844012e-09
  -4.1952267298647447e-09
  -3.5133011642463983e-09
  -2.7357588902990240e-09
  -1.8704374077771563e-09
  -9.2619993377763901e-10
   8.6121523342185480e-11
   1.1525341361872356e-09
   2.2538622268597326e-09
   3.3617632285567542e-09
   4.4322559347131258e-09
   5.3961394749894040e-09
   6.1447642426478755e-09
   6.5103944148158405e-09
   6.2510087479002859e-09
   5.0576419120629905e-09
   2.7877798350882679e-09
