ARMA_MAT_TXT_FN008
200 1
  -1.0324908648993790e-01
  -2.0394734740531967e-01
  -3.0207953968422346e-01
  -3.9764954213919335e-01
  -4.9065734643712139e-01
  -5.8110295217585206e-01
  -6.6898635935594597e-01
  -7.5430756797744902e-01
  -8.3706657804036122e-01
  -9.1726338954468256e-01
  -9.9489800249041316e-01
  -1.0699704168775528e+00
  -1.1424806327061017e+00
  -1.2124286499760599e+00
  -1.2798144686874271e+00
  -1.3446380888402036e+00
  -1.4068995104343895e+00
  -1.4665987334699846e+00
  -1.5237357579469897e+00
  -1.5783105838654075e+00
  -1.6303232112252459e+00
  -1.6797736400265337e+00
  -1.7266618702693728e+00
  -1.7709879019541186e+00
  -1.8127517350820221e+00
  -1.8519533696574750e+00
  -1.8885928056959043e+00
  -1.9226700432514936e+00
  -1.9541850825145541e+00
  -1.9831379241535230e+00
  -2.0095285705161721e+00
  -2.0333570298486356e+00
  -2.0546233311136843e+00
  -2.0733275760331202e+00
  -2.0894701218241165e+00
  -2.1030522223645192e+00
  -2.1140782719845794e+00
  -2.1225635862384280e+00
  -2.1285605340478373e+00
  -2.1322371001106788e+00
  -2.1340380204269627e+00
  -2.1347179422097384e+00
  -2.1349333271595996e+00
  -2.1349967457360566e+00
  -2.1350149809678927e+00
  -2.1350201876745452e+00
  -2.1350216714787327e+00
  -2.1350220942296629e+00
  -2.1350222147977780e+00
  -2.1350222493239279e+00
  -2.1350222593524140e+00
  -2.1350222624061037e+00
  -2.1350222634739895e+00
  -2.1350222639764955e+00
  -2.1350222643180317e+00
  -2.1350222646137378e+00
  -2.1350222648963957e+00
  -2.1350222651753388e+00
  -2.1350222654532245e+00
  -2.1350222657308087e+00
  -2.1350222660083076e+00
  -2.1350222662857821e+00
  -2.1350222665632494e+00
  -2.1350222668407151e+00
  -2.1350222671181802e+00
  -2.1350222673956454e+00
  -2.1350222676731101e+00
  -2.1350222679505748e+00
  -2.1350222682280400e+00
  -2.1350222685055051e+00
  -2.1350222687829699e+00
  -2.1350222690604346e+00
  -2.1350222693378993e+00
  -2.1350222696153640e+00
  -2.1350222698928283e+00
  -2.1350222701702930e+00
  -2.1350222704477582e+00
  -2.1350222707252238e+00
  -2.1350222710026894e+00
  -2.1350222712801550e+00
  -2.1350222715576201e+00
  -2.1350222718350857e+00
  -2.1350222721125518e+00
  -2.1350222723900174e+00
  -2.1350222726674839e+00
  -2.1350222729449500e+00
  -2.1350222732224160e+00
  -2.1350222734998821e+00
  -2.1350222737773485e+00
  -2.1350222740548146e+00
  -2.1350222743322802e+00
  -2.1350222746097463e+00
  -2.1350222748872123e+00
  -2.1350222751646784e+00
  -2.1350222754421444e+00
  -2.1350222757196105e+00
  -2.1350222759970765e+00
  -2.1350222762745430e+00
  -2.1350222765520095e+00
  -2.1350222768294755e+00
  -2.1350222771069420e+00
  -2.1350222773844085e+00
  -2.1350222776618750e+00
  -2.1350222779393415e+00
  -2.1350222782168080e+00
  -2.1350222784942745e+00
  -2.1350222787717410e+00
  -2.1350222790492075e+00
  -2.1350222793266740e+00
  -2.1350222796041409e+00
  -2.1350222798816079e+00
  -2.1350222801590748e+00
  -2.1350222804365417e+00
  -2.1350222807140087e+00
  -2.1350222809914756e+00
  -2.1350222812689426e+00
  -2.1350222815464095e+00
  -2.1350222818238769e+00
  -2.1350222821013447e+00
  -2.1350222823788125e+00
  -2.1350222826562804e+00
  -2.1350222829337477e+00
  -2.1350222832112156e+00
  -2.1350222834886834e+00
  -2.1350222837661512e+00
  -2.1350222840436199e+00
  -2.1350222843210882e+00
  -2.1350222845985565e+00
  -2.1350222848760247e+00
  -2.1350222851534930e+00
  -2.1350222854309608e+00
  -2.1350222857084287e+00
  -2.1350222859858969e+00
  -2.1350222862633652e+00
  -2.1350222865408335e+00
  -2.1350222868183022e+00
  -2.1350222870957709e+00
  -2.1350222873732387e+00
  -2.1350222876507048e+00
  -2.1350222879281633e+00
  -2.1350222882055978e+00
  -2.1350222884829466e+00
  -2.1350222887599948e+00
  -2.1350222890359847e+00
  -2.1350222893082602e+00
  -2.1350222895674875e+00
  -2.1350222897808844e+00
  -2.1350222898333113e+00
  -2.1350222893203581e+00
  -2.1350222868216013e+00
  -2.1350222773480478e+00
  -2.1350222433768300e+00
  -2.1350221233636475e+00
  -2.1350217011676498e+00
  -2.1350202179183952e+00
  -2.1350150117666749e+00
  -2.1349967770897713e+00
  -2.1349333590682473e+00
  -2.1347179746733191e+00
  -2.1340380534454759e+00
  -2.1322371336841250e+00
  -2.1285605681762165e+00
  -2.1225636209217402e+00
  -2.1140783072228242e+00
  -2.1030522581576969e+00
  -2.0894701581722273e+00
  -2.0733276129361635e+00
  -2.0546233685716602e+00
  -2.0333570678615440e+00
  -2.0095286090840125e+00
  -1.9831379632762955e+00
  -1.9541851221922595e+00
  -1.9226700834841315e+00
  -1.8885928464834751e+00
  -1.8519534109999789e+00
  -1.8127517769794590e+00
  -1.7709879444064887e+00
  -1.7266619132766761e+00
  -1.6797736835887704e+00
  -1.6303232553424156e+00
  -1.5783106285375106e+00
  -1.5237358031740262e+00
  -1.4665987792519544e+00
  -1.4068995567712925e+00
  -1.3446381357320401e+00
  -1.2798145161341972e+00
  -1.2124286979777634e+00
  -1.1424806812627391e+00
  -1.0699704659891238e+00
  -9.9489805215691807e-01
  -9.1726343976612135e-01
  -8.3706662881673399e-01
  -7.5430761930875556e-01
  -6.6898641124218639e-01
  -5.8110300461702635e-01
  -4.9065739943323006e-01
  -3.9764959569029595e-01
  -3.0207959378598853e-01
  -2.0394740137637268e-01
  -1.0324921045178073e-01
