# i u(i)
0 -3.29916e-05
126.87 -3.83523e-05
253.739 -3.81769e-05
380.609 -3.80905e-05
507.479 -3.80283e-05
634.349 -3.80754e-05
761.218 -3.80753e-05
888.088 -3.80747e-05
1014.96 -3.80679e-05
1141.83 -3.80663e-05
1268.7 -3.80659e-05
1395.57 -3.80662e-05
1522.44 -3.80655e-05
1649.31 -3.80635e-05
1776.18 -3.8059e-05
1903.05 -3.80498e-05
2029.92 -3.80312e-05
2156.79 -3.79943e-05
2283.66 -3.79215e-05
2410.53 -3.77804e-05
2537.39 -3.75137e-05
2664.26 -3.70236e-05
2791.13 -3.61471e-05
2918 -3.45974e-05
3044.87 -3.18319e-05
3171.74 -2.67909e-05
3298.61 -1.7583e-05
3425.48 -1.08963e-06
3552.35 2.75319e-05
3679.22 7.58269e-05
3806.09 0.000154592
3932.96 0.000267069
4059.83 0.000410986
4186.7 0.000571871
4313.57 0.000735147
4440.44 0.000890518
4567.31 0.00103267
4694.18 0.00115992
4821.05 0.00127264
4947.92 0.00137217
5074.79 0.00146012
5201.66 0.00153807
5328.53 0.00160742
5455.4 0.00166936
5582.27 0.00172487
5709.14 0.00177476
5836.01 0.00181972
5962.88 0.00186027
6089.75 0.00189689
6216.62 0.00192994
6343.49 0.00195976
6470.36 0.0019866
6597.23 0.00201071
6724.1 0.00203227
6850.97 0.00205147
6977.84 0.00206845
7104.71 0.00208334
7231.58 0.00209625
7358.45 0.0021073
7485.31 0.00211656
7612.18 0.00212413
7739.05 0.00213006
7865.92 0.00213443
7992.79 0.0021373
8119.66 0.00213871
8246.53 0.00213871
8373.4 0.00213732
8500.27 0.00213455
8627.14 0.00213046
8754.01 0.00212506
8880.88 0.0021184
9007.75 0.00211049
9134.62 0.00210136
9261.49 0.00209102
9388.36 0.0020795
9515.23 0.00206679
9642.1 0.00205292
9768.97 0.00203789
9895.84 0.0020217
10022.7 0.00200437
10149.6 0.00198588
10276.4 0.00196625
10403.3 0.00194546
10530.2 0.00192351
10657.1 0.00190038
10783.9 0.00187607
10910.8 0.00185055
11037.7 0.00182381
11164.5 0.00179581
11291.4 0.00176654
11418.3 0.00173595
11545.1 0.00170399
11672 0.00167063
11798.9 0.00163581
11925.8 0.00159945
12052.6 0.00156148
12179.5 0.0015218
12306.4 0.00148032
12433.2 0.00143689
12560.1 0.00139137
12687 0.00134358
12813.8 0.00129329
12940.7 0.00124024
13067.6 0.00118412
13194.5 0.00112452
13321.3 0.00106095
13448.2 0.000992828
13575.1 0.000919394
13701.9 0.000839731
13828.8 0.000752716
13955.7 0.000657006
14082.5 0.000551072
14209.4 0.000433323
14336.3 0.000302421
14463.2 0.00015792
14590 1.3585e-06
14716.9 -0.000162201
14843.8 -0.000322885
14970.6 -0.000466638
15097.5 -0.000580839
15224.4 -0.000657993
15351.2 -0.000706691
15478.1 -0.000735496
15605 -0.000751915
15731.8 -0.000761046
15858.7 -0.00076607
15985.6 -0.000768833
16112.5 -0.000770372
16239.3 -0.000771231
16366.2 -0.000771706
16493.1 -0.000771961
16619.9 -0.000772096
16746.8 -0.000772165
16873.7 -0.0007722
17000.5 -0.000772218
17127.4 -0.000772227
17254.3 -0.000772231
17381.2 -0.000772233
17508 -0.000772234
17634.9 -0.000772234
17761.8 -0.000772234
17888.6 -0.000772236
18015.5 -0.000772242
18142.4 -0.000772242
18269.2 -0.000772239
18396.1 -0.000772196
18523 -0.00077226
18649.9 -0.000772345
18776.7 -0.000772467
18903.6 -0.000767225
