# i u(i)
0 5.18667e-07
189.986 1.0057e-06
379.972 1.40868e-06
569.958 1.67328e-06
759.943 1.74464e-06
949.929 1.56813e-06
1139.92 1.08997e-06
1329.9 2.57914e-07
1519.89 -9.77915e-07
1709.87 -2.66389e-06
1899.86 -4.84145e-06
2089.84 -7.54531e-06
2279.83 -1.08012e-05
2469.82 -1.4623e-05
2659.8 -1.90093e-05
2849.79 -2.39396e-05
3039.77 -2.93687e-05
3229.76 -3.5221e-05
3419.75 -4.13838e-05
3609.73 -4.7698e-05
3799.72 -5.39491e-05
3989.7 -5.98552e-05
4179.69 -6.50534e-05
4369.67 -6.90846e-05
4559.66 -7.13754e-05
4749.65 -7.12174e-05
4939.63 -6.77438e-05
5129.62 -5.99032e-05
5319.6 -4.64298e-05
5509.59 -2.581e-05
5699.58 3.75303e-06
5889.56 4.43789e-05
6079.55 9.85498e-05
6269.53 0.000169147
6459.52 0.000259471
6649.5 0.000373213
6839.49 0.000514295
7029.48 0.000686361
7219.46 0.000891443
7409.45 0.00112712
7599.43 0.0013828
7789.42 0.00164059
7979.41 0.00188449
8169.39 0.00210679
8359.38 0.00230633
8549.36 0.00248488
8739.35 0.00264504
8929.33 0.00278942
9119.32 0.00292035
9309.31 0.00303981
9499.29 0.00314943
9689.28 0.00325058
9879.26 0.00334439
10069.2 0.0034318
10259.2 0.00351358
10449.2 0.00359037
10639.2 0.00366272
10829.2 0.00373107
11019.2 0.00379581
11209.2 0.00385726
11399.2 0.0039157
11589.1 0.00397136
11779.1 0.00402445
11969.1 0.00407515
12159.1 0.00412359
12349.1 0.00416993
12539.1 0.00421426
12729.1 0.0042567
12919 0.00429732
13109 0.00433622
13299 0.00437345
13489 0.00440909
13679 0.00444317
13869 0.00447576
14059 0.0045069
14248.9 0.00453661
14438.9 0.00456495
14628.9 0.00459194
14818.9 0.0046176
15008.9 0.00464197
15198.9 0.00466506
15388.9 0.00468689
15578.8 0.00470749
15768.8 0.00472687
15958.8 0.00474505
16148.8 0.00476203
16338.8 0.00477784
16528.8 0.00479247
16718.8 0.00480595
16908.7 0.00481827
17098.7 0.00482945
17288.7 0.0048395
17478.7 0.00484841
17668.7 0.0048562
17858.7 0.00486287
18048.7 0.00486843
18238.6 0.00487286
18428.6 0.00487619
18618.6 0.00487841
18808.6 0.00487951
18998.6 0.00487951
19188.6 0.00487841
19378.6 0.00487619
19568.5 0.00487286
19758.5 0.00486842
19948.5 0.00486287
20138.5 0.0048562
20328.5 0.00484841
20518.5 0.0048395
20708.5 0.00482945
20898.4 0.00481827
21088.4 0.00480595
21278.4 0.00479247
21468.4 0.00477784
21658.4 0.00476203
21848.4 0.00474505
22038.4 0.00472687
22228.3 0.00470749
22418.3 0.00468689
22608.3 0.00466506
22798.3 0.00464197
22988.3 0.0046176
23178.3 0.00459194
23368.3 0.00456495
23558.2 0.00453661
23748.2 0.0045069
23938.2 0.00447576
24128.2 0.00444317
24318.2 0.00440909
24508.2 0.00437345
24698.2 0.00433622
24888.1 0.00429732
25078.1 0.0042567
25268.1 0.00421426
25458.1 0.00416993
25648.1 0.00412359
25838.1 0.00407515
26028.1 0.00402445
26218 0.00397136
26408 0.0039157
26598 0.00385726
26788 0.00379581
26978 0.00373107
27168 0.00366272
27358 0.00359037
27547.9 0.00351358
27737.9 0.0034318
27927.9 0.00334439
28117.9 0.00325058
28307.9 0.00314943
28497.9 0.0030398
28687.9 0.00292035
28877.8 0.00278942
29067.8 0.00264503
29257.8 0.00248488
29447.8 0.00230633
29637.8 0.00210679
29827.8 0.00188449
30017.8 0.00164059
30207.7 0.0013828
30397.7 0.00112712
30587.7 0.000891442
30777.7 0.000686359
30967.7 0.000514294
31157.7 0.000373211
31347.7 0.000259469
31537.7 0.000169145
31727.6 9.85476e-05
31917.6 4.43765e-05
32107.6 3.75048e-06
32297.6 -2.58128e-05
32487.6 -4.64327e-05
32677.6 -5.99064e-05
32867.6 -6.77472e-05
33057.5 -7.1221e-05
33247.5 -7.13793e-05
33437.5 -6.90887e-05
33627.5 -6.50577e-05
33817.5 -5.98598e-05
34007.5 -5.3954e-05
34197.5 -4.77031e-05
34387.4 -4.13891e-05
34577.4 -3.52266e-05
34767.4 -2.93745e-05
34957.4 -2.39457e-05
35147.4 -1.90156e-05
35337.4 -1.46294e-05
35527.4 -1.08077e-05
35717.3 -7.55196e-06
35907.3 -4.84818e-06
36097.3 -2.67068e-06
36287.3 -9.8474e-07
36477.3 2.5111e-07
36667.3 1.08327e-06
36857.3 1.56163e-06
37047.2 1.7385e-06
37237.2 1.66768e-06
37427.2 1.40388e-06
37617.2 1.00203e-06
37807.2 5.1659e-07
