# i u(i)
0 6.6889e-06
6.34349 1.33986e-05
12.687 2.01634e-05
19.0305 2.70191e-05
25.3739 3.40027e-05
31.7174 4.11519e-05
38.0609 4.85051e-05
44.4044 5.61021e-05
50.7479 6.39838e-05
57.0914 7.21925e-05
63.4349 8.07724e-05
69.7784 8.97695e-05
76.1218 9.9232e-05
82.4653 0.00010921
88.8088 0.000119758
95.1523 0.000130932
101.496 0.00014279
107.839 0.000155396
114.183 0.000168816
120.526 0.000183122
126.87 0.000198388
133.213 0.000214695
139.557 0.000232128
145.9 0.000250777
152.244 0.00027074
158.587 0.000292119
164.931 0.000315025
171.274 0.000339574
177.618 0.000365891
183.961 0.00039411
190.305 0.000424373
196.648 0.00045683
202.992 0.000491642
209.335 0.00052898
215.679 0.000569028
222.022 0.000611977
228.366 0.000658035
234.709 0.000707418
241.053 0.000760358
247.396 0.000817101
253.739 0.000877905
260.083 0.000943044
266.426 0.00101281
272.77 0.00108749
279.113 0.00116743
285.457 0.00125283
291.8 0.0013342
298.144 0.00141053
304.487 0.0014821
310.831 0.00154921
317.174 0.0016121
323.518 0.00167101
329.861 0.00172615
336.205 0.00177773
342.548 0.00182592
348.892 0.00187089
355.235 0.00191281
361.579 0.0019518
367.922 0.00198799
374.266 0.00202152
380.609 0.00205248
386.953 0.00208098
393.296 0.00210709
399.64 0.00213092
405.983 0.00215252
412.327 0.00217196
418.67 0.0021893
425.014 0.00220459
431.357 0.00221787
437.701 0.00222919
444.044 0.00223857
450.388 0.00224605
456.731 0.00225164
463.075 0.00225535
469.418 0.00225721
475.762 0.00225721
482.105 0.00225535
488.449 0.00225164
494.792 0.00224605
501.135 0.00223857
507.479 0.00222919
513.822 0.00221787
520.166 0.00220459
526.509 0.0021893
532.853 0.00217196
539.196 0.00215252
545.54 0.00213092
551.883 0.00210709
558.227 0.00208098
564.57 0.00205248
570.914 0.00202152
577.257 0.00198799
583.601 0.0019518
589.944 0.00191281
596.288 0.00187089
602.631 0.00182592
608.975 0.00177773
615.318 0.00172615
621.662 0.00167101
628.005 0.0016121
634.349 0.00154921
640.692 0.0014821
647.036 0.00141053
653.379 0.0013342
659.723 0.00125283
666.066 0.00116743
672.41 0.00108749
678.753 0.00101281
685.097 0.000943044
691.44 0.000877905
697.784 0.000817101
704.127 0.000760358
710.471 0.000707418
716.814 0.000658035
723.158 0.000611977
729.501 0.000569028
735.845 0.00052898
742.188 0.000491642
748.531 0.00045683
754.875 0.000424373
761.218 0.00039411
767.562 0.000365891
773.905 0.000339574
780.249 0.000315025
786.592 0.000292119
792.936 0.00027074
799.279 0.000250777
805.623 0.000232128
811.966 0.000214695
818.31 0.000198388
824.653 0.000183122
830.997 0.000168816
837.34 0.000155396
843.684 0.00014279
850.027 0.000130931
856.371 0.000119758
862.714 0.00010921
869.058 9.92319e-05
875.401 8.97694e-05
881.745 8.07723e-05
888.088 7.21924e-05
894.432 6.39837e-05
900.775 5.6102e-05
907.119 4.85051e-05
913.462 4.11518e-05
919.806 3.40027e-05
926.149 2.70191e-05
932.493 2.01633e-05
938.836 1.33986e-05
945.18 6.68888e-06
