# i u(i)
0 2.20995e-05
504.096 3.53003e-05
1008.19 4.26119e-05
1512.29 4.62557e-05
2016.38 4.77371e-05
2520.48 4.80329e-05
3024.57 4.77512e-05
3528.67 4.72525e-05
4032.77 4.67355e-05
4536.86 4.62969e-05
5040.96 4.59723e-05
5545.05 4.57631e-05
6049.15 4.56536e-05
6553.25 4.56208e-05
7057.34 4.56408e-05
7561.44 4.56911e-05
8065.53 4.57521e-05
8569.63 4.58076e-05
9073.72 4.58441e-05
9577.82 4.58508e-05
10081.9 4.58195e-05
10586 4.57437e-05
11090.1 4.56199e-05
11594.2 4.5447e-05
12098.3 4.52277e-05
12602.4 4.49695e-05
13106.5 4.46856e-05
13610.6 4.43963e-05
14114.7 4.41307e-05
14618.8 4.39268e-05
15122.9 4.38324e-05
15627 4.39042e-05
16131.1 4.42054e-05
16635.2 4.48018e-05
17139.3 4.57545e-05
17643.4 4.71099e-05
18147.4 4.88851e-05
18651.5 5.10489e-05
19155.6 5.34983e-05
19659.7 5.60311e-05
20163.8 5.83157e-05
20667.9 5.98634e-05
21172 6.00078e-05
21676.1 5.79056e-05
22180.2 5.25836e-05
22684.3 4.30639e-05
23188.4 2.86101e-05
23692.5 9.15622e-06
24196.6 -1.39876e-05
24700.7 -3.70221e-05
25204.8 -5.19815e-05
25708.9 -4.43471e-05
26213 1.0003e-05
26717.1 0.000147799
27221.2 0.000418778
27725.3 0.00087503
28229.4 0.00152945
28733.5 0.0022909
29237.6 0.00301604
29741.7 0.00363996
30245.7 0.00416374
30749.8 0.00460569
31253.9 0.0049829
31758 0.00530806
32262.1 0.00559017
32766.2 0.00583559
33270.3 0.0060489
33774.4 0.0062335
34278.5 0.00639192
34782.6 0.00652609
35286.7 0.0066375
35790.8 0.00672729
36294.9 0.00679631
36799 0.00684519
37303.1 0.00687435
37807.2 0.00688404
38311.3 0.00687434
38815.4 0.00684517
39319.5 0.00679628
39823.6 0.00672725
40327.7 0.00663745
40831.8 0.00652603
41335.9 0.00639186
41839.9 0.00623344
42344 0.00604884
42848.1 0.00583553
43352.2 0.00559011
43856.3 0.00530801
44360.4 0.00498285
44864.5 0.00460566
45368.6 0.00416372
45872.7 0.00363994
46376.8 0.00301603
46880.9 0.00229089
47385 0.00152945
47889.1 0.000875036
48393.2 0.000418788
48897.3 0.000147813
49401.4 1.00218e-05
49905.5 -4.43225e-05
50409.6 -5.1951e-05
50913.7 -3.69876e-05
51417.8 -1.39517e-05
51921.9 9.19388e-06
52426 2.86568e-05
52930.1 4.31339e-05
53434.2 5.26943e-05
53938.2 5.80708e-05
54442.3 6.02309e-05
54946.4 6.01349e-05
55450.5 5.86163e-05
55954.6 5.63371e-05
56458.7 5.37875e-05
56962.8 5.13034e-05
57466.9 4.90932e-05
57971 4.72659e-05
58475.1 4.58579e-05
58979.2 4.48561e-05
59483.3 4.4217e-05
59987.4 4.38807e-05
60491.5 4.37822e-05
60995.6 4.38577e-05
61499.7 4.40498e-05
62003.8 4.43096e-05
62507.9 4.45976e-05
63012 4.48833e-05
63516.1 4.51449e-05
64020.2 4.53681e-05
64524.3 4.55446e-05
65028.4 4.56713e-05
65532.5 4.57495e-05
66036.5 4.57838e-05
66540.6 4.57822e-05
67044.7 4.57555e-05
67548.8 4.5718e-05
68052.9 4.56868e-05
68557 4.56825e-05
69061.1 4.57286e-05
69565.2 4.58497e-05
70069.3 4.60688e-05
70573.4 4.64013e-05
71077.5 4.68446e-05
71581.6 4.73614e-05
72085.7 4.78532e-05
72589.8 4.81201e-05
73093.9 4.7802e-05
73598 4.62934e-05
74102.1 4.26235e-05
74606.2 3.52942e-05
75110.3 2.20897e-05
