#==========================================================================#
# SET PARAMETERS                                                           #
# Variable name          variable's value (a.u.)  variable's value (SI)    #
# m*                     0.067                    -                        #
# contact_temp_          77                       -                        #
# L                      1890.36                  100                      #
# L_C                    378.072                  20                       #
# L_D                    1134.22                  60                       #
# L_YZ                   3.57143e+08              999432                   #
# kmax                   0.04                     0.756144                 #
# Nx                     150                      -                        #
# dx                     12.687                   0.671141                 #
# Nk                     150                      -                        #
# dk                     0.000536913              0.0101496                #
# dx*dk                  0.0068118                -                        #
# courant_num            1.94452                  -                        #
# dt                     41.3223                  1e-15                    #
# fermi_energy           0.00319724               0.087                    #
# set_uF                 true                     true                     #
# max_voltage            0                        0                        #
# voltage_step_nr        10                       -                        #
# gwp_x0                 263.916                  -                        #
# gwp_dx                 87.9719                  -                        #
# gwp_p0                 0.0206985                -                        #
# gwp_dp                 0.0112829                -                        #
# gwp_A                  160.346                  -                        #
# use NLP?               false                    false                    #
# rR                     0                        0                        #
# rM                     0                        0                        #
# lambda                 0                        0                        #
# rG                     0                        0                        #
# dist                   -3                       -                        #
# cD                     2.96e-07                 2e+18                    #
# v_bias                 0                        -                        #
#==========================================================================#

# Solving BTE+PE
# it.	Curr. [Acm^-2]	nE [cm^-2]	nD [cm^-2]	(nD-nE)/nD [-]	jMax-jMin	max(du) [eV]
0	-7.95179e-12	8.79219e-05	0.000220063	-1.66528e-05	4.27769e-11	0.295405	1	0
1	4.27139e-06	5.81527e-05	0.000220063	1.54248e-06	5.66376e-11	0.196275	1	0
2	8.58473e-06	6.10251e-05	0.000220063	1.76355e-05	4.96474e-11	0.102948	1	0
3	1.53565e-05	8.70317e-05	0.000220063	2.9535e-05	2.04238e-11	0.026614	1	0
4	2.493e-05	0.000166299	0.000220063	3.23435e-05	2.96722e-11	-0.00535741	1	0
5	9.50054e-06	0.000321817	0.000220063	1.93388e-05	7.36919e-11	-0.00476085	1	0
6	-4.62274e-07	0.000435067	0.000220063	-3.68385e-06	1.12304e-10	-0.00160642	1	0
7	4.94639e-05	0.000401145	0.000220063	-2.10169e-05	1.14216e-10	0.0263003	1	0
8	0.000142095	0.000267414	0.000220063	-2.32575e-05	5.71515e-11	0.0626863	1	0
9	0.000250068	0.000159359	0.000220063	-1.44879e-05	2.13625e-11	0.0528643	1	0
10	0.000307915	0.000125012	0.000220063	-3.17233e-06	2.35263e-11	0.0242243	1	0
11	0.000340927	0.000134604	0.000220063	6.05127e-06	2.91313e-11	0.000772973	1	0
12	0.00037218	0.000187866	0.000220063	9.03263e-06	6.74999e-11	-0.00168645	1	0
13	0.000636954	0.000278421	0.000220063	2.66737e-06	1.65431e-10	-0.0018838	1	0
14	0.00355632	0.000314805	0.000220063	-6.69874e-06	2.00226e-10	-0.000474742	1	0
15	0.00440178	0.000264872	0.000220063	-1.01387e-05	1.71446e-10	0.0197153	1	0
16	0.00459868	0.000194017	0.000220063	-6.15666e-06	1.00228e-10	0.032409	1	0
17	0.00540657	0.000161954	0.000220063	6.29758e-07	7.03018e-11	0.0196777	1	0
18	0.00942177	0.00016629	0.000220063	6.30596e-06	7.04153e-11	-0.000727279	1	0
19	0.018252	0.000200019	0.000220063	8.04808e-06	9.04731e-11	-0.00155538	1	0
20	0.0306375	0.000248074	0.000220063	4.81788e-06	1.20444e-10	-0.0015572	1	0
21	0.0392071	0.000268295	0.000220063	-1.07896e-07	1.28524e-10	-0.0007176	1	0
22	0.0362948	0.000246121	0.000220063	-2.32352e-06	9.99503e-11	0.0122658	1	0
23	0.0288459	0.00021289	0.000220063	-9.96807e-07	7.31633e-11	0.0181924	1	0
24	0.0219686	0.000197246	0.000220063	1.76067e-06	6.0128e-11	0.0109165	1	0
25	0.0201018	0.000202447	0.000220063	3.72375e-06	5.94347e-11	-0.00023954	1	0
26	0.0203144	0.000222494	0.000220063	3.48861e-06	6.69854e-11	-0.000511414	1	0
27	0.0205493	0.000243479	0.000220063	1.18086e-06	7.6054e-11	-0.000361731	1	0
28	0.0211679	0.000249032	0.000220063	-1.4512e-06	7.81293e-11	0.000106997	1	0
29	0.0214497	0.000236817	0.000220063	-2.60051e-06	7.18257e-11	0.00589658	1	0
30	0.0234116	0.0002202	0.000220063	-1.97576e-06	6.41848e-11	0.00807905	1	0
31	0.0271083	0.00021134	0.000220063	-5.29435e-07	6.09034e-11	0.0043517	1	0
32	0.034562	0.000213625	0.000220063	5.43238e-07	6.32624e-11	0.000460044	1	0
33	0.046745	0.000223367	0.000220063	5.34858e-07	6.95655e-11	-0.000101087	1	0
34	0.0601829	0.000232451	0.000220063	-3.80748e-07	7.58254e-11	-8.14979e-05	1	0
35	0.0720837	0.000233626	0.000220063	-1.32273e-06	7.79429e-11	0.000423981	1	0
36	0.0810265	0.000227033	0.000220063	-1.51247e-06	7.56971e-11	0.00370688	1	0
37	0.0863769	0.000219139	0.000220063	-8.95075e-07	7.25261e-11	0.00465619	1	0
38	0.0920129	0.000215673	0.000220063	6.56394e-09	7.15384e-11	0.00268035	1	0
39	0.0984693	0.000217961	0.000220063	5.89468e-07	7.35275e-11	-0.000106496	1	0
40	0.104448	0.000223433	0.000220063	5.67588e-07	7.7206e-11	-0.000188481	1	0
41	0.107706	0.000227725	0.000220063	1.19377e-07	8.01918e-11	-0.000152632	1	0
42	0.105835	0.000227906	0.000220063	-3.01976e-07	8.07869e-11	0.000954831	1	0
43	0.100319	0.000224713	0.000220063	-3.62063e-07	7.93961e-11	0.00249638	1	0
44	0.0941592	0.000221276	0.000220063	-7.26471e-08	7.78453e-11	0.00249798	1	0
45	0.0893029	0.000220152	0.000220063	3.00229e-07	7.76248e-11	0.00118519	1	0
46	0.0853668	0.000221733	0.000220063	4.78043e-07	7.89818e-11	-8.4155e-05	1	0
47	0.08198	0.000224482	0.000220063	3.63648e-07	8.1048e-11	-9.839e-05	1	0
48	0.0779829	0.000226266	0.000220063	8.27006e-08	8.2568e-11	-6.04092e-05	1	0
49	0.0722736	0.00022598	0.000220063	-1.41545e-07	8.28514e-11	0.000234087	1	0
50	0.0659244	0.000224242	0.000220063	-1.69662e-07	8.22346e-11	0.000823996	1	0
51	0.0601454	0.000222591	0.000220063	-3.00512e-08	8.16244e-11	0.000769916	1	0
52	0.0555654	0.000222175	0.000220063	1.3718e-07	8.16934e-11	0.000265496	1	0
53	0.0521293	0.000223037	0.000220063	2.01621e-07	8.24644e-11	-2.28535e-05	1	0
54	0.0494368	0.000224315	0.000220063	1.31932e-07	8.34204e-11	-2.87368e-05	1	0
55	0.0464576	0.000225004	0.000220063	4.53067e-10	8.39517e-11	-1.09543e-05	1	0
56	0.0432731	0.000224704	0.000220063	-8.79502e-08	8.38165e-11	0.000180156	1	0
57	0.0401542	0.000223818	0.000220063	-7.89906e-08	8.32653e-11	0.000428363	1	0
58	0.0374826	0.000223096	0.000220063	1.2395e-09	8.27633e-11	0.000359326	1	0
59	0.0353821	0.000223023	0.000220063	8.06813e-08	8.26139e-11	7.233e-05	1	0
60	0.0336343	0.000223534	0.000220063	1.01115e-07	8.27871e-11	-1.00626e-05	1	0
61	0.0318421	0.000224163	0.000220063	5.67492e-08	8.30122e-11	-1.12181e-05	1	0
62	0.0297983	0.000224443	0.000220063	-1.12103e-08	8.30195e-11	-1.29042e-06	1	0
63	0.027547	0.000224247	0.000220063	-5.2814e-08	8.27409e-11	0.000167331	1	0
64	0.0253073	0.000223813	0.000220063	-4.69114e-08	8.23277e-11	0.000282492	1	0
65	0.0233156	0.000223502	0.000220063	-1.05224e-08	8.20011e-11	0.000212212	1	0
66	0.0216148	0.000223514	0.000220063	2.10239e-08	8.18831e-11	3.86917e-05	1	0
67	0.020119	0.000223778	0.000220063	2.30056e-08	8.19318e-11	-2.17016e-06	1	0
68	0.0186656	0.000224055	0.000220063	-2.86629e-09	8.2004e-11	-2.06814e-06	1	0
69	0.0172126	0.000224138	0.000220063	-3.44775e-08	8.1976e-11	8.67908e-06	1	0
70	0.0157403	0.000223998	0.000220063	-4.89684e-08	8.18287e-11	7.28859e-05	1	0
71	0.0142085	0.00022377	0.000220063	-3.93154e-08	8.16407e-11	0.000109595	1	0
72	0.0129694	0.000223628	0.000220063	-1.63784e-08	8.15121e-11	6.27841e-05	1	0
73	0.0118712	0.000223648	0.000220063	2.16294e-09	8.1487e-11	8.61718e-06	1	0
74	0.0109059	0.000223781	0.000220063	5.61852e-09	8.15327e-11	-3.29902e-06	1	0
75	0.0100305	0.000223904	0.000220063	-3.54333e-09	8.1576e-11	-3.43776e-06	1	0
76	0.00922494	0.000223927	0.000220063	-1.4111e-08	8.15625e-11	-8.00441e-07	1	1
77	0.00846364	0.00022385	0.000220063	-1.59843e-08	8.14917e-11	3.52974e-05	1	0
78	0.00772301	0.000223747	0.000220063	-7.34896e-09	8.14065e-11	4.9241e-05	1	0
79	0.00702461	0.000223696	0.000220063	5.49993e-09	8.13539e-11	2.57826e-05	1	0
80	0.0063886	0.000223726	0.000220063	1.41379e-08	8.13504e-11	-3.20688e-06	1	0
81	0.00581956	0.000223801	0.000220063	1.44082e-08	8.1376e-11	-4.13672e-06	1	0
82	0.00530747	0.000223862	0.000220063	8.58202e-09	8.13955e-11	-3.45784e-06	1	0
83	0.00484185	0.00022387	0.000220063	2.52695e-09	8.13865e-11	3.31293e-07	1	1
84	0.00444775	0.000223832	0.000220063	8.51313e-10	8.13532e-11	2.23377e-05	1	0
85	0.00405444	0.000223787	0.000220063	3.88488e-09	8.13183e-11	2.56664e-05	1	0
86	0.00371201	0.00022377	0.000220063	8.31603e-09	8.13029e-11	1.06947e-05	1	0
87	0.00339718	0.00022379	0.000220063	1.03188e-08	8.13118e-11	-1.20988e-06	1	0
88	0.00310299	0.000223827	0.000220063	8.44841e-09	8.13329e-11	-1.28608e-06	1	0
89	0.00283372	0.000223852	0.000220063	4.27352e-09	8.13488e-11	-6.91398e-07	1	1
90	0.00259175	0.00022385	0.000220063	7.21628e-10	8.13502e-11	3.04967e-06	1	0
91	0.00238009	0.000223827	0.000220063	-2.46321e-10	8.13405e-11	1.09238e-05	1	0
92	0.00220564	0.000223804	0.000220063	1.16289e-09	8.13311e-11	1.10936e-05	1	0
93	0.00205505	0.000223797	0.000220063	3.14704e-09	8.13311e-11	3.98781e-06	1	0
94	0.00192716	0.000223807	0.000220063	3.90618e-09	8.13413e-11	7.68025e-08	1	1
95	0.00181297	0.000223824	0.000220063	2.92901e-09	8.1355e-11	-3.95305e-08	1	2
# Calulating electron density
# l_YZ: 3.57143e+08 [a.u.]
# Final current = 0.00181297 [Acm^-2]
# Norma: = 0.000223824 [1]
# Int. BC: 2e+18 [a.u.]
# Fermi energy:	0.0859012	0.0236465
# RUN TIME: 59.911 s
