# Input potential; 
# v_b = 0 V; L_D = 3 um, L_C = 0.5 um; T = 300 K; m*/m0 = 0.067; n_D = 2e18 cm^-3; N = 200			
# x [a.u.]  u [a.u.]
0	5.69236705744001E-05				
379.971644612476    6.07783616919628E-05				
759.943289224953	6.01944066737716E-05				
1139.91493383743	6.048583293521E-05				
1519.88657844991	6.02723163426555E-05				
1899.86767485822	6.04450406085774E-05				
2279.82986767486	6.03715409209511E-05				
2659.81096408318	6.0424460696042E-05				
3039.77315689981	6.03535334974826E-05				
3419.75425330813	6.03847708647238E-05				
3799.71644612476	6.03774208959612E-05				
4179.69754253308	6.04082907647643E-05				
4559.65973534972	6.03498585131013E-05				
4939.64083175804	6.03902833412958E-05				
5319.60302457467	6.03491235162251E-05				
5699.58412098299	6.04358531476241E-05				
6079.54631379962	6.02840762926758E-05				
6459.52741020794	6.07103744809085E-05				
6839.48960302457	6.02873837786189E-05				
7219.47069943289	6.19411267502113E-05				
7599.43289224953	6.32402337290067E-05				
7979.41398865784	7.44294586748006E-05				
8359.37618147448	0.000107102642314				
8739.3572778828	0.000237153357098				
9119.31947069943	0.000618485171438				
9499.30056710775	0.001504439381133				
9879.26275992439	0.002937881739003				
10259.2438563327	0.004376097901584				
10639.2060491493	0.005521627283084				
11019.1871455577	0.006384403366286				
11399.1493383743	0.007043622064606				
11779.1304347826	0.007564036602844				
12159.0926275992	0.007989526294513				
12539.0737240076	0.008348131270442				
12919.0359168242	0.008657895703943				
13299.0170132325	0.008930579545037				
13678.9792060491	0.009174231009518				
14058.9603024575	0.009394436073647				
14438.9224952741	0.009595347469773				
14818.9035916824	0.009779941935247				
15198.8657844991	0.009950644959759				
15578.8468809074	0.0101092940355				
15958.809073724	0.010257395906067				
16338.7901701323	0.010396126566462				
16718.752362949	0.010526515012311				
17098.7334593573	0.010649443239866				
17478.6956521739	0.010765572746316				
17858.6767485822	0.010875491529161				
18238.6389413989	0.010979787585903				
18618.6200378072	0.011078901914667				
18998.6767485822	0.011173165264048				
19378.6389413989	0.011263018632171				
19758.6011342155	0.011348682518099				
20138.5633270321	0.011430487670427				
20518.5255198488	0.011508691338062				
20898.4877126654	0.011583440520378				
21278.449905482	0.011654992466282				
21658.4120982987	0.01172349417515				
22038.3742911153	0.0117891293962				
22418.3364839319	0.011852008378964				
22798.2986767486	0.011912278122818				
23178.2608695652	0.011970085627136				
23558.2230623818	0.012025504391606				
23938.1852551985	0.01207864466576				
24318.1474480151	0.012129616699129				
24698.1096408318	0.012178457241557				
25078.0718336484	0.012225313292419				
25458.034026465	0.012270221601558				
25837.9962192817	0.01231321891882				
26217.9584120983	0.012354415493734				
26598.1096408318	0.012393848076146				
26978.0718336484	0.012431590165742				
27358.034026465	0.012467678512366				
27737.9962192817	0.012502113116019				
28117.9584120983	0.012535004226232				
28497.9206049149	0.012566388592849				
28877.8827977316	0.012596229466025				
29257.8449905482	0.012624637095292				
29637.8071833648	0.012651611480651				
30017.7693761815	0.012677189371945				
30397.7315689981	0.012701370769174				
30777.6937618147	0.012724229172026				
31157.6559546314	0.012745727830657				
31537.618147448	0.012765976994598				
31917.5803402646	0.012784903164162				
32297.5425330813	0.012802579839036				
32677.5047258979	0.01281900701922				
33057.4669187146	0.012834184704715				
33437.4291115312	0.012848149645364				
33817.3913043478	0.012860901841167				
34197.5425330813	0.012872478041968				
34577.5047258979	0.012882878247768				
34957.4669187146	0.012892065708721				
35337.4291115312	0.012900113924516				
35717.3913043478	0.012906986145309				
36097.3534971645	0.012912719120944				
36477.3156899811	0.012917276101577				
36857.2778827977	0.012920730586895				
37237.2400756144	0.012923009077212				
37617.202268431	0.01292414832237				
37997.1644612476	0.01292414832237				
38377.1266540643	0.012923009077212				
38757.0888468809	0.012920730586895				
39137.0510396975	0.012917276101577				
39517.0132325142	0.012912719120944				
39896.9754253308	0.012906986145309				
40276.9376181475	0.012900113924516				
40656.8998109641	0.012892065708721				
41036.8620037807	0.012882878247768				
41416.8241965974	0.012872478041968				
41796.9754253308	0.012860901841167				
42176.9376181474	0.012848149645364				
42556.8998109641	0.012834184704715				
42936.8620037807	0.01281900701922				
43316.8241965974	0.012802579839036				
43696.786389414	0.012784903164162				
44076.7485822306	0.012765976994598				
44456.7107750473	0.012745727830657				
44836.6729678639	0.012724229172026				
45216.6351606805	0.012701370769174				
45596.5973534972	0.012677189371945				
45976.5595463138	0.012651611480651				
46356.5217391304	0.012624637095292				
46736.4839319471	0.012596229466025				
47116.4461247637	0.012566388592849				
47496.4083175803	0.012535004226232				
47876.370510397	0.012502113116019				
48256.3327032136	0.012467678512366				
48636.2948960302	0.012431590165742				
49016.2570888469	0.012393848076146				
49396.4083175803	0.012354415493734				
49776.370510397	0.01231321891882				
50156.3327032136	0.012270221601558				
50536.2948960302	0.012225313292419				
50916.2570888469	0.012178457241557				
51296.2192816635	0.012129616699129				
51676.1814744802	0.01207864466576				
52056.1436672968	0.012025504391606				
52436.1058601134	0.011970085627136				
52816.0680529301	0.011912278122818				
53196.0302457467	0.011852008378964				
53575.9924385633	0.0117891293962				
53955.95463138	0.01172349417515				
54335.9168241966	0.011654992466282				
54715.8790170132	0.011583440520378				
55095.8412098299	0.011508691338062				
55475.8034026465	0.011430487670427				
55855.7655954631	0.011348682518099				
56235.7277882798	0.011263018632171				
56615.6899810964	0.011173165264048				
56995.8412098299	0.011078901914667				
57375.8034026465	0.010979787585903				
57755.7655954631	0.010875491529161				
58135.7277882798	0.010765572746316				
58515.6899810964	0.010649443239866				
58895.652173913	0.010526515012311				
59275.6143667297	0.010396126566462				
59655.5765595463	0.010257395906067				
60035.538752363	0.0101092940355				
60415.5009451796	0.009950644959759				
60795.4631379962	0.009779941935247				
61175.4253308128	0.009595347469773				
61555.3875236295	0.009394436073647				
61935.3497164461	0.009174231009518				
62315.3119092628	0.008930579545037				
62695.2741020794	0.008657895703943				
63075.236294896	0.008348131270442				
63455.1984877127	0.007989526294513				
63835.1606805293	0.007564036602844				
64215.1228733459	0.007043622064606				
64595.2741020794	0.006384403366286				
64975.236294896	0.005521627283084				
65355.1984877127	0.004376097901584				
65735.1606805293	0.002937881739003				
66115.1228733459	0.001504439381133				
66495.0850661626	0.000618485171438				
66875.0472589792	0.000237153357098				
67255.0094517958	0.000107102642314				
67634.9716446125	7.44294586748006E-05				
68014.9338374291	6.32402337290067E-05				
68394.8960302457	6.19411267502113E-05				
68774.8582230624	6.02873837786189E-05				
69154.820415879	6.07103744809085E-05				
69534.7826086956	6.02840762926758E-05				
69914.7448015123	6.04358531476241E-05				
70294.7069943289	6.03491235162251E-05				
70674.6691871456	6.03902833412958E-05				
71054.6313799622	6.03498585131013E-05				
71434.5935727788	6.04082907647643E-05				
71814.5557655955	6.03774208959612E-05				
72194.7069943289	6.03847708647238E-05				
72574.6691871456	6.03535334974826E-05				
72954.6313799622	6.0424460696042E-05				
73334.5935727788	6.03715409209511E-05				
73714.5557655955	6.04450406085774E-05				
74094.5179584121	6.02723163426555E-05				
74474.4801512287	6.048583293521E-05				
74854.4423440454	6.01944066737716E-05				
75234.404536862	6.07783616919628E-05				
75614.3667296786	5.69236705744001E-05				

