# i u(i)
0 6.38489e-05
379.972 6.76161e-05
759.943 6.70355e-05
1139.92 6.73196e-05
1519.89 6.70803e-05
1899.86 6.72179e-05
2279.83 6.71102e-05
2659.8 6.71727e-05
3039.77 6.71209e-05
3419.75 6.71517e-05
3799.72 6.71131e-05
4179.69 6.71436e-05
4559.66 6.70957e-05
4939.63 6.71562e-05
5319.6 6.70531e-05
5699.58 6.72142e-05
6079.55 6.69786e-05
6459.52 6.74203e-05
6839.49 6.70208e-05
7219.46 6.86772e-05
7599.43 6.97858e-05
7979.41 8.16009e-05
8359.38 0.000113127
8739.35 0.000244948
9119.32 0.00062386
9499.29 0.00152326
9879.26 0.00299928
10259.2 0.00448391
10639.2 0.00566965
11019.2 0.00656424
11399.2 0.00724596
11779.1 0.00778042
12159.1 0.0082126
12539.1 0.00857166
12919 0.00887651
13299 0.00913967
13679 0.00936972
14059 0.00957272
14438.9 0.00975313
14818.9 0.00991433
15198.9 0.0100589
15578.8 0.010189
15958.8 0.0103062
16338.8 0.010412
16718.8 0.0105074
17098.7 0.0105935
17478.7 0.0106711
17858.7 0.0107409
18238.6 0.0108034
18618.6 0.0108593
18998.6 0.010909
19378.6 0.010953
19758.5 0.0109915
20138.5 0.011025
20518.5 0.0110537
20898.4 0.0110779
21278.4 0.0110979
21658.4 0.0111138
22038.4 0.011126
22418.3 0.0111345
22798.3 0.0111395
23178.3 0.0111413
23558.2 0.0111399
23938.2 0.0111355
24318.2 0.0111282
24698.2 0.0111181
25078.1 0.0111054
25458.1 0.0110901
25838.1 0.0110723
26218 0.0110521
26598 0.0110296
26978 0.0110048
27358 0.0109779
27737.9 0.0109489
28117.9 0.0109178
28497.9 0.0108848
28877.8 0.0108498
29257.8 0.010813
29637.8 0.0107743
30017.8 0.0107339
30397.7 0.0106917
30777.7 0.0106477
31157.7 0.0106022
31537.7 0.010555
31917.6 0.0105062
32297.6 0.0104558
32677.6 0.0104039
33057.5 0.0103504
33437.5 0.0102955
33817.5 0.0102392
34197.5 0.0101814
34577.4 0.0101222
34957.4 0.0100615
35337.4 0.00999955
35717.3 0.00993619
36097.3 0.0098715
36477.3 0.00980547
36857.3 0.00973813
37237.2 0.00966949
37617.2 0.00959955
37997.2 0.00952834
38377.1 0.00945585
38757.1 0.00938211
39137.1 0.00930711
39517.1 0.00923086
39897 0.00915337
40277 0.00907464
40657 0.00899469
41036.9 0.0089135
41416.9 0.00883108
41796.9 0.00874744
42176.9 0.00866256
42556.8 0.00857646
42936.8 0.00848913
43316.8 0.00840057
43696.7 0.00831077
44076.7 0.00821972
44456.7 0.00812742
44836.7 0.00803387
45216.6 0.00793905
45596.6 0.00784295
45976.6 0.00774556
46356.5 0.00764687
46736.5 0.00754686
47116.5 0.00744552
47496.5 0.00734282
47876.4 0.00723875
48256.4 0.00713329
48636.4 0.00702642
49016.3 0.00691809
49396.3 0.0068083
49776.3 0.006697
50156.3 0.00658416
50536.2 0.00646974
50916.2 0.0063537
51296.2 0.006236
51676.2 0.00611659
52056.1 0.0059954
52436.1 0.00587239
52816.1 0.00574749
53196 0.00562062
53576 0.00549171
53956 0.00536066
54336 0.00522739
54715.9 0.00509177
55095.9 0.00495369
55475.9 0.00481302
55855.8 0.00466959
56235.8 0.00452324
56615.8 0.00437376
56995.8 0.00422095
57375.7 0.00406453
57755.7 0.00390421
58135.7 0.00373966
58515.6 0.00357046
58895.6 0.00339615
59275.6 0.00321617
59655.6 0.00302984
60035.5 0.00283635
60415.5 0.00263469
60795.5 0.00242364
61175.4 0.00220161
61555.4 0.00196658
61935.4 0.0017159
62315.4 0.00144594
62695.3 0.00115169
63075.3 0.000825895
63455.3 0.000457683
63835.2 3.0215e-05
64215.2 -0.000483145
64595.2 -0.0011249
64975.2 -0.00195886
65355.1 -0.00306529
65735.1 -0.00445703
66115.1 -0.00584821
66495 -0.00672083
66875 -0.00710406
67255 -0.00723294
67635 -0.00726629
68014.9 -0.00727699
68394.9 -0.00727879
68774.9 -0.00728002
69154.8 -0.00727988
69534.8 -0.00728016
69914.8 -0.00728003
70294.8 -0.00728014
70674.7 -0.00728007
71054.7 -0.00728012
71434.7 -0.00728009
71814.6 -0.00728012
72194.6 -0.0072801
72574.6 -0.00728013
72954.6 -0.00728009
73334.5 -0.00728016
73714.5 -0.00728007
74094.5 -0.00728022
74474.5 -0.00727999
74854.4 -0.0072803
75234.4 -0.00727971
75614.4 -0.00728366
