# i u(i)
0 5.52686e-05
379.972 5.74374e-05
759.943 5.60254e-05
1139.92 5.54091e-05
1519.89 5.43406e-05
1899.86 5.36273e-05
2279.83 5.27145e-05
2659.8 5.19879e-05
3039.77 5.11652e-05
3419.75 5.04103e-05
3799.72 4.95953e-05
4179.69 4.88674e-05
4559.66 4.80886e-05
4939.63 4.73894e-05
5319.6 4.655e-05
5699.58 4.60147e-05
6079.55 4.5103e-05
6459.52 4.47575e-05
6839.49 4.39507e-05
7219.46 4.47424e-05
7599.43 4.55484e-05
7979.41 5.65406e-05
8359.38 8.79539e-05
8739.35 0.000218885
9119.32 0.000598016
9499.29 0.00149712
9879.26 0.00296562
10259.2 0.00443034
10639.2 0.00558148
11019.2 0.00643129
11399.2 0.00706381
11779.1 0.00754861
12159.1 0.00793289
12539.1 0.00824674
12919 0.00850941
13299 0.00873344
13679 0.0089273
14059 0.00909691
14438.9 0.00924656
14818.9 0.00937946
15198.9 0.00949807
15578.8 0.00960432
15958.8 0.00969977
16338.8 0.00978566
16718.8 0.00986305
17098.7 0.00993279
17478.7 0.00999563
17858.7 0.0100522
18238.6 0.010103
18618.6 0.0101485
18998.6 0.0101892
19378.6 0.0102253
19758.5 0.0102573
20138.5 0.0102853
20518.5 0.0103097
20898.4 0.0103306
21278.4 0.0103482
21658.4 0.0103628
22038.4 0.0103745
22418.3 0.0103834
22798.3 0.0103897
23178.3 0.0103934
23558.2 0.0103948
23938.2 0.0103939
24318.2 0.0103908
24698.2 0.0103856
25078.1 0.0103784
25458.1 0.0103691
25838.1 0.010358
26218 0.0103451
26598 0.0103304
26978 0.010314
27358 0.0102959
27737.9 0.0102762
28117.9 0.010255
28497.9 0.0102321
28877.8 0.0102078
29257.8 0.010182
29637.8 0.0101548
30017.8 0.0101262
30397.7 0.0100962
30777.7 0.0100648
31157.7 0.0100322
31537.7 0.00999817
31917.6 0.00996289
32297.6 0.00992635
32677.6 0.00988855
33057.5 0.00984952
33437.5 0.00980926
33817.5 0.0097678
34197.5 0.00972514
34577.4 0.0096813
34957.4 0.00963628
35337.4 0.00959009
35717.3 0.00954273
36097.3 0.00949423
36477.3 0.00944457
36857.3 0.00939376
37237.2 0.00934181
37617.2 0.00928872
37997.2 0.00923449
38377.1 0.00917911
38757.1 0.0091226
39137.1 0.00906494
39517.1 0.00900614
39897 0.00894618
40277 0.00888508
40657 0.00882281
41036.9 0.00875938
41416.9 0.00869477
41796.9 0.00862898
42176.9 0.008562
42556.8 0.00849382
42936.8 0.00842441
43316.8 0.00835378
43696.7 0.0082819
44076.7 0.00820876
44456.7 0.00813434
44836.7 0.00805862
45216.6 0.00798158
45596.6 0.0079032
45976.6 0.00782345
46356.5 0.0077423
46736.5 0.00765973
47116.5 0.00757571
47496.5 0.00749019
47876.4 0.00740316
48256.4 0.00731455
48636.4 0.00722435
49016.3 0.00713249
49396.3 0.00703894
49776.3 0.00694364
50156.3 0.00684652
50536.2 0.00674755
50916.2 0.00664663
51296.2 0.00654372
51676.2 0.00643872
52056.1 0.00633156
52436.1 0.00622213
52816.1 0.00611036
53196 0.00599612
53576 0.0058793
53956 0.00575976
54336 0.00563738
54715.9 0.00551198
55095.9 0.00538339
55475.9 0.00525143
55855.8 0.00511588
56235.8 0.0049765
56615.8 0.00483303
56995.8 0.00468515
57375.7 0.00453254
57755.7 0.00437481
58135.7 0.0042115
58515.6 0.00404211
58895.6 0.00386605
59275.6 0.00368261
59655.6 0.00349099
60035.5 0.00329021
60415.5 0.00307908
60795.5 0.00285615
61175.4 0.00261964
61555.4 0.00236726
61935.4 0.00209606
62315.4 0.00180212
62695.3 0.00148007
63075.3 0.00112231
63455.3 0.000717724
63835.2 0.000249461
64215.2 -0.000308436
64595.2 -0.000996382
64975.2 -0.00187388
65355.1 -0.00301467
65735.1 -0.00442638
66115.1 -0.00582521
66495 -0.00669808
66875 -0.00708094
67255 -0.00721089
67635 -0.00724412
68014.9 -0.00725574
68394.9 -0.00725792
68774.9 -0.00725982
69154.8 -0.0072603
69534.8 -0.00726125
69914.8 -0.00726169
70294.8 -0.00726254
70674.7 -0.0072631
71054.7 -0.00726383
71434.7 -0.00726448
71814.6 -0.00726521
72194.6 -0.00726585
72574.6 -0.00726656
72954.6 -0.00726721
73334.5 -0.00726797
73714.5 -0.00726855
74094.5 -0.00726936
74474.5 -0.00726979
74854.4 -0.00727082
75234.4 -0.00727089
75614.4 -0.00727621
