# i u(i)
0 -1.42716e-08
12.687 -2.33254e-08
25.3739 -2.86939e-08
38.0609 -3.13965e-08
50.7479 -3.19653e-08
63.4349 -3.05225e-08
76.1218 -2.67952e-08
88.8088 -2.00647e-08
101.496 -9.02863e-09
114.183 8.45003e-09
126.87 3.57529e-08
139.557 7.81531e-08
152.244 1.43816e-07
164.931 2.45341e-07
177.618 4.0211e-07
190.305 6.43882e-07
202.992 1.01622e-06
215.679 1.58868e-06
228.366 2.46704e-06
241.053 3.81122e-06
253.739 5.86125e-06
266.426 8.97347e-06
279.113 1.36686e-05
291.8 2.06905e-05
304.487 3.10651e-05
317.174 4.61337e-05
329.861 6.75028e-05
342.548 9.6816e-05
355.235 0.000135254
367.922 0.000182804
380.609 0.000237705
393.296 0.000296719
405.983 0.0003563
418.67 0.000413744
431.357 0.000467557
444.044 0.000517197
456.731 0.000562689
469.418 0.00060432
482.105 0.000642469
494.792 0.000677518
507.479 0.000709817
520.166 0.000739675
532.853 0.000767355
545.54 0.000793082
558.227 0.000817047
570.914 0.000839413
583.601 0.00086032
596.288 0.000879886
608.975 0.000898215
621.662 0.000915397
634.349 0.00093151
647.036 0.000946622
659.723 0.000960793
672.41 0.000974078
685.097 0.000986522
697.784 0.000998168
710.471 0.00100905
723.158 0.00101921
735.845 0.00102867
748.531 0.00103746
761.218 0.0010456
773.905 0.00105312
786.592 0.00106002
799.279 0.00106634
811.966 0.00107208
824.653 0.00107727
837.34 0.0010819
850.027 0.00108599
862.714 0.00108955
875.401 0.00109259
888.088 0.00109511
900.775 0.00109713
913.462 0.00109863
926.149 0.00109963
938.836 0.00110013
951.523 0.00110013
964.21 0.00109963
976.897 0.00109863
989.584 0.00109713
1002.27 0.00109511
1014.96 0.00109259
1027.64 0.00108955
1040.33 0.00108599
1053.02 0.0010819
1065.71 0.00107727
1078.39 0.00107208
1091.08 0.00106634
1103.77 0.00106002
1116.45 0.00105311
1129.14 0.0010456
1141.83 0.00103746
1154.51 0.00102867
1167.2 0.00101921
1179.89 0.00100905
1192.58 0.000998168
1205.26 0.000986522
1217.95 0.000974078
1230.64 0.000960793
1243.32 0.000946622
1256.01 0.00093151
1268.7 0.000915397
1281.38 0.000898215
1294.07 0.000879886
1306.76 0.00086032
1319.45 0.000839413
1332.13 0.000817047
1344.82 0.000793082
1357.51 0.000767355
1370.19 0.000739675
1382.88 0.000709817
1395.57 0.000677518
1408.25 0.000642469
1420.94 0.00060432
1433.63 0.000562689
1446.32 0.000517197
1459 0.000467556
1471.69 0.000413744
1484.38 0.0003563
1497.06 0.000296719
1509.75 0.000237705
1522.44 0.000182804
1535.12 0.000135254
1547.81 9.68159e-05
1560.5 6.75028e-05
1573.18 4.61337e-05
1585.87 3.1065e-05
1598.56 2.06904e-05
1611.25 1.36686e-05
1623.93 8.97338e-06
1636.62 5.86114e-06
1649.31 3.81108e-06
1661.99 2.46688e-06
1674.68 1.58851e-06
1687.37 1.01603e-06
1700.05 6.43671e-07
1712.74 4.01887e-07
1725.43 2.45109e-07
1738.12 1.43578e-07
1750.8 7.79095e-08
1763.49 3.55064e-08
1776.18 8.20208e-09
1788.86 -9.27657e-09
1801.55 -2.03112e-08
1814.24 -2.70382e-08
1826.92 -3.07598e-08
1839.61 -3.21933e-08
1852.3 -3.16099e-08
1864.99 -2.88844e-08
1877.67 -2.34801e-08
1890.36 -1.43695e-08
