# i u(i)
0 -1.33092e-08
12.687 -2.85393e-08
25.3739 -3.92408e-08
38.0609 -4.60334e-08
50.7479 -4.90641e-08
63.4349 -4.82318e-08
76.1218 -4.3249e-08
88.8088 -3.35918e-08
101.496 -1.83329e-08
114.183 4.1546e-09
126.87 3.66586e-08
139.557 8.38323e-08
152.244 1.53262e-07
164.931 2.5708e-07
177.618 4.14387e-07
190.305 6.54907e-07
202.992 1.02447e-06
215.679 1.5932e-06
228.366 2.4677e-06
241.053 3.8089e-06
253.739 5.85773e-06
266.426 8.9711e-06
279.113 1.36696e-05
291.8 2.06959e-05
304.487 3.10739e-05
317.174 4.61423e-05
329.861 6.75058e-05
342.548 9.6808e-05
355.235 0.000135233
367.922 0.000182774
380.609 0.000237672
393.296 0.00029669
405.983 0.000356278
418.67 0.00041373
431.357 0.000467547
444.044 0.000517191
456.731 0.000562685
469.418 0.000604316
482.105 0.000642465
494.792 0.000677512
507.479 0.00070981
520.166 0.000739666
532.853 0.000767344
545.54 0.000793069
558.227 0.000817033
570.914 0.000839397
583.601 0.000860302
596.288 0.000879866
608.975 0.000898194
621.662 0.000915374
634.349 0.000931485
647.036 0.000946595
659.723 0.000960765
672.41 0.000974047
685.097 0.00098649
697.784 0.000998134
710.471 0.00100902
723.158 0.00101917
735.845 0.00102863
748.531 0.00103742
761.218 0.00104556
773.905 0.00105307
786.592 0.00105998
799.279 0.00106629
811.966 0.00107203
824.653 0.00107721
837.34 0.00108184
850.027 0.00108594
862.714 0.0010895
875.401 0.00109254
888.088 0.00109506
900.775 0.00109707
913.462 0.00109857
926.149 0.00109958
938.836 0.00110008
951.523 0.00110008
964.21 0.00109958
976.897 0.00109857
989.584 0.00109707
1002.27 0.00109506
1014.96 0.00109254
1027.64 0.0010895
1040.33 0.00108594
1053.02 0.00108184
1065.71 0.00107721
1078.39 0.00107203
1091.08 0.00106629
1103.77 0.00105998
1116.45 0.00105307
1129.14 0.00104556
1141.83 0.00103742
1154.51 0.00102863
1167.2 0.00101917
1179.89 0.00100902
1192.58 0.000998134
1205.26 0.000986489
1217.95 0.000974047
1230.64 0.000960765
1243.32 0.000946595
1256.01 0.000931485
1268.7 0.000915374
1281.38 0.000898194
1294.07 0.000879866
1306.76 0.000860302
1319.45 0.000839397
1332.13 0.000817033
1344.82 0.000793069
1357.51 0.000767344
1370.19 0.000739666
1382.88 0.00070981
1395.57 0.000677512
1408.25 0.000642465
1420.94 0.000604316
1433.63 0.000562685
1446.32 0.000517191
1459 0.000467547
1471.69 0.00041373
1484.38 0.000356278
1497.06 0.000296689
1509.75 0.000237672
1522.44 0.000182774
1535.12 0.000135233
1547.81 9.6808e-05
1560.5 6.75057e-05
1573.18 4.61423e-05
1585.87 3.10738e-05
1598.56 2.06958e-05
1611.25 1.36696e-05
1623.93 8.97104e-06
1636.62 5.85766e-06
1649.31 3.8088e-06
1661.99 2.46758e-06
1674.68 1.59306e-06
1687.37 1.0243e-06
1700.05 6.54727e-07
1712.74 4.14193e-07
1725.43 2.56876e-07
1738.12 1.53051e-07
1750.8 8.36172e-08
1763.49 3.6443e-08
1776.18 3.9411e-09
1788.86 -1.85428e-08
1801.55 -3.37969e-08
1814.24 -4.34472e-08
1826.92 -4.84224e-08
1839.61 -4.9246e-08
1852.3 -4.62035e-08
1864.99 -3.93913e-08
1877.67 -2.86565e-08
1890.36 -1.33702e-08
