# i u(i)
0 -0.000195705
379.972 -0.000230465
759.943 -0.000244152
1139.92 -0.000258142
1519.89 -0.000269588
1899.86 -0.000281144
2279.83 -0.00029137
2659.8 -0.000301281
3039.77 -0.00031039
3419.75 -0.000319091
3799.72 -0.000327249
4179.69 -0.000335014
4559.66 -0.000342398
4939.63 -0.000349434
5319.6 -0.000356238
5699.58 -0.000362639
6079.55 -0.000368984
6459.52 -0.000374616
6839.49 -0.000380556
7219.46 -0.000384259
7599.43 -0.000387523
7979.41 -0.000377106
8359.38 -0.000339268
8739.35 -0.000182068
9119.32 0.000228203
9499.29 0.00123942
9879.26 0.00293761
10259.2 0.00466771
10639.2 0.00606647
11019.2 0.00713571
11399.2 0.00796158
11779.1 0.00861773
12159.1 0.009155
12539.1 0.00960657
12919 0.00999415
13299 0.0103323
13679 0.0106309
14059 0.0108972
14438.9 0.0111364
14818.9 0.0113524
15198.9 0.0115483
15578.8 0.0117264
15958.8 0.0118887
16338.8 0.0120368
16718.8 0.0121719
17098.7 0.0122952
17478.7 0.0124075
17858.7 0.0125097
18238.6 0.0126025
18618.6 0.0126864
18998.6 0.0127619
19378.6 0.0128297
19758.5 0.01289
20138.5 0.0129434
20518.5 0.0129901
20898.4 0.0130307
21278.4 0.0130654
21658.4 0.0130945
22038.4 0.0131184
22418.3 0.0131372
22798.3 0.0131512
23178.3 0.0131606
23558.2 0.0131656
23938.2 0.0131664
24318.2 0.0131631
24698.2 0.0131559
25078.1 0.013145
25458.1 0.0131304
25838.1 0.0131123
26218 0.0130909
26598 0.0130661
26978 0.0130382
27358 0.0130073
27737.9 0.0129733
28117.9 0.0129365
28497.9 0.0128969
28877.8 0.0128546
29257.8 0.0128096
29637.8 0.0127621
30017.8 0.012712
30397.7 0.0126596
30777.7 0.0126048
31157.7 0.0125476
31537.7 0.0124883
31917.6 0.0124267
32297.6 0.0123631
32677.6 0.0122973
33057.5 0.0122295
33437.5 0.0121598
33817.5 0.0120881
34197.5 0.0120145
34577.4 0.0119391
34957.4 0.0118619
35337.4 0.0117829
35717.3 0.0117022
36097.3 0.0116198
36477.3 0.0115358
36857.3 0.0114501
37237.2 0.0113629
37617.2 0.0112741
37997.2 0.0111838
38377.1 0.0110921
38757.1 0.0109988
39137.1 0.0109041
39517.1 0.0108081
39897 0.0107106
40277 0.0106118
40657 0.0105116
41036.9 0.0104102
41416.9 0.0103074
41796.9 0.0102034
42176.9 0.0100981
42556.8 0.00999159
42936.8 0.00988386
43316.8 0.00977493
43696.7 0.00966482
44076.7 0.00955353
44456.7 0.00944108
44836.7 0.00932749
45216.6 0.00921275
45596.6 0.00909689
45976.6 0.00897991
46356.5 0.00886182
46736.5 0.00874263
47116.5 0.00862233
47496.5 0.00850094
47876.4 0.00837845
48256.4 0.00825488
48636.4 0.00813021
49016.3 0.00800445
49396.3 0.0078776
49776.3 0.00774965
50156.3 0.00762059
50536.2 0.00749043
50916.2 0.00735914
51296.2 0.00722671
51676.2 0.00709313
52056.1 0.00695838
52436.1 0.00682243
52816.1 0.00668525
53196 0.00654682
53576 0.00640708
53956 0.006266
54336 0.0061235
54715.9 0.00597951
55095.9 0.00583396
55475.9 0.00568674
55855.8 0.00553772
56235.8 0.00538676
56615.8 0.00523367
56995.8 0.00507823
57375.7 0.00492019
57755.7 0.00475922
58135.7 0.00459494
58515.6 0.00442686
58895.6 0.00425442
59275.6 0.00407689
59655.6 0.0038934
60035.5 0.00370286
60415.5 0.00350389
60795.5 0.00329476
61175.4 0.00307328
61555.4 0.00283658
61935.4 0.00258092
62315.4 0.00230126
62695.3 0.00199067
63075.3 0.00163936
63455.3 0.00123307
63835.2 0.000750331
64215.2 0.000158281
64595.2 -0.0005938
64975.2 -0.00157971
65355.1 -0.00288756
65735.1 -0.00452156
66115.1 -0.00613485
66495 -0.00711798
66875 -0.00753245
67255 -0.00768683
67635 -0.00772636
68014.9 -0.00773577
68394.9 -0.00773307
68774.9 -0.00772904
69154.8 -0.0077233
69534.8 -0.00771759
69914.8 -0.00771131
70294.8 -0.00770489
70674.7 -0.00769811
71054.7 -0.00769106
71434.7 -0.00768367
71814.6 -0.00767591
72194.6 -0.00766776
72574.6 -0.00765906
72954.6 -0.00764996
73334.5 -0.00764005
73714.5 -0.00762983
74094.5 -0.00761829
74474.5 -0.00760685
74854.4 -0.00759287
75234.4 -0.0075792
75614.4 -0.00754455
