# Input potential; 
# v_b = 0 V; L_D = 0.6 L_C = 0.2 um; T = 77 K; m*/m0 = 0.067; n_D = 2e18 cm^-3; N = 200	x 100; Full classical		
# x [a.u.]  u [a.u.]
0 -1.76479e-06
94.9929 -1.75574e-06
189.986 -1.74463e-06
284.979 -1.75881e-06
379.972 -1.76006e-06
474.965 -1.76272e-06
569.958 -1.7472e-06
664.95 -1.73126e-06
759.943 -1.71371e-06
854.936 -1.70712e-06
949.929 -1.70432e-06
1044.92 -1.70129e-06
1139.92 -1.69179e-06
1234.91 -1.68207e-06
1329.9 -1.67779e-06
1424.89 -1.68153e-06
1519.89 -1.68742e-06
1614.88 -1.69026e-06
1709.87 -1.68886e-06
1804.87 -1.69203e-06
1899.86 -1.69513e-06
1994.85 -1.69492e-06
2089.84 -1.68075e-06
2184.84 -1.68611e-06
2279.83 -1.70882e-06
2374.82 -1.75477e-06
2469.82 -1.74172e-06
2564.81 -1.72909e-06
2659.8 -1.71774e-06
2754.79 -1.80806e-06
2849.79 -1.7876e-06
2944.78 -1.75138e-06
3039.77 -1.70763e-06
3134.77 -1.8382e-06
3229.76 -1.76561e-06
3324.75 -1.81605e-06
3419.75 -1.72406e-06
3514.74 -2.0696e-06
3609.73 -2.62815e-06
3704.72 -3.64118e-06
3799.72 -9.05336e-06
3894.71 -2.68457e-06
3989.7 1.71853e-05
4084.7 4.05102e-05
4179.69 6.17406e-05
4274.68 7.9569e-05
4369.67 9.42896e-05
4464.67 0.000106624
4559.66 0.000117215
4654.65 0.00012654
4749.65 0.00013493
4844.64 0.00014261
4939.63 0.000149738
5034.62 0.000156425
5129.62 0.000162752
5224.61 0.00016878
5319.6 0.000174556
5414.6 0.000180116
5509.59 0.000185489
5604.58 0.000190698
5699.58 0.000195762
5794.57 0.000200697
5889.56 0.000205516
5984.55 0.00021023
6079.55 0.000214849
6174.54 0.000219381
6269.53 0.000223833
6364.53 0.000228211
6459.52 0.000232521
6554.51 0.000236767
6649.5 0.000240954
6744.5 0.000245086
6839.49 0.000249165
6934.48 0.000253196
7029.48 0.00025718
7124.47 0.00026112
7219.46 0.000265019
7314.46 0.000268879
7409.45 0.000272702
7504.44 0.000276488
7599.43 0.000280239
7694.43 0.000283955
7789.42 0.000287637
7884.41 0.000291286
7979.41 0.000294903
8074.4 0.00029849
8169.39 0.000302047
8264.38 0.000305576
8359.38 0.000309078
8454.37 0.000312553
8549.36 0.000316003
8644.36 0.000319427
8739.35 0.000322827
8834.34 0.000326204
8929.33 0.000329557
9024.33 0.000332887
9119.32 0.000336194
9214.31 0.00033948
9309.31 0.000342744
9404.3 0.000345986
9499.29 0.000349207
9594.29 0.000352407
9689.28 0.000355587
9784.27 0.000358746
9879.26 0.000361885
9974.26 0.000365003
10069.2 0.000368101
10164.2 0.000371178
10259.2 0.000374235
10354.2 0.000377272
10449.2 0.000380288
10544.2 0.000383283
10639.2 0.000386257
10734.2 0.00038921
10829.2 0.000392141
10924.2 0.000395049
11019.2 0.000397935
11114.2 0.000400797
11209.2 0.000403635
11304.2 0.000406447
11399.2 0.000409234
11494.1 0.000411993
11589.1 0.000414724
11684.1 0.000417425
11779.1 0.000420094
11874.1 0.00042273
11969.1 0.00042533
12064.1 0.000427892
12159.1 0.000430414
12254.1 0.000432891
12349.1 0.00043532
12444.1 0.000437698
12539.1 0.000440019
12634.1 0.000442278
12729.1 0.000444469
12824 0.000446585
12919 0.000448616
13014 0.000450554
13109 0.000452386
13204 0.000454099
13299 0.000455678
13394 0.000457101
13489 0.000458347
13584 0.000459386
13679 0.000460184
13774 0.000460695
13869 0.000460864
13964 0.000460617
14059 0.00045986
14153.9 0.000458459
14248.9 0.000456235
14343.9 0.000452925
14438.9 0.000448155
14533.9 0.000441377
14628.9 0.000431843
14723.9 0.000418669
14818.9 0.000401315
14913.9 0.000380749
15008.9 0.000362328
15103.9 0.000356259
15198.9 0.000361326
15293.9 0.000362366
15388.9 0.000362843
15483.8 0.000363172
15578.8 0.000363167
15673.8 0.000363156
15768.8 0.000363139
15863.8 0.000363198
15958.8 0.000363233
16053.8 0.000363166
16148.8 0.000363142
16243.8 0.000363227
16338.8 0.000363225
16433.8 0.000363213
16528.8 0.000363198
16623.8 0.000363243
16718.8 0.000363264
16813.7 0.000363266
16908.7 0.00036325
17003.7 0.000363253
17098.7 0.000363259
17193.7 0.000363262
17288.7 0.000363259
17383.7 0.00036326
17478.7 0.000363268
17573.7 0.000363278
17668.7 0.000363281
17763.7 0.000363279
17858.7 0.000363279
17953.7 0.000363291
18048.7 0.000363305
18143.6 0.000363312
18238.6 0.000363302
18333.6 0.000363287
18428.6 0.00036327
18523.6 0.000363273
18618.6 0.000363279
18713.6 0.0003633
18808.6 0.000363293
18903.6 0.000363288
