# Input potential
# v_b = 0.2 V; L_D = 3 um, L_C = 0.5 um; T = 300 K; m*/m0 = 0.067; n_D = 2e18 cm^-3; N = 200
# x [a.u.]  u [a.u.]
0 6.4625e-05
379.972 6.84525e-05
759.943 6.78761e-05
1139.92 6.81725e-05
1519.89 6.79422e-05
1899.86 6.80891e-05
2279.83 6.799e-05
2659.8 6.80573e-05
3039.77 6.80093e-05
3419.75 6.80468e-05
3799.72 6.80129e-05
4179.69 6.80504e-05
4559.66 6.80018e-05
4939.63 6.80726e-05
5319.6 6.79659e-05
5699.58 6.81392e-05
6079.55 6.7888e-05
6459.52 6.83659e-05
6839.49 6.79152e-05
7219.46 6.96456e-05
7599.43 7.06702e-05
7979.41 8.25724e-05
8359.38 0.000114001
8739.35 0.000245908
9119.32 0.000624708
9499.29 0.00152403
9879.26 0.00300045
10259.2 0.00448678
10639.2 0.00567718
11019.2 0.00658008
11399.2 0.00727355
11779.1 0.00782248
12159.1 0.00827119
12539.1 0.00864821
12919 0.00897202
13299 0.00925481
13679 0.0095049
14059 0.00972817
14438.9 0.00992893
14818.9 0.0101104
15198.9 0.0102752
15578.8 0.0104252
15958.8 0.0105621
16338.8 0.0106872
16718.8 0.0108016
17098.7 0.0109062
17478.7 0.0110019
17858.7 0.0110892
18238.6 0.0111689
18618.6 0.0112414
18998.6 0.0113072
19378.6 0.0113667
19758.5 0.0114203
20138.5 0.0114681
20518.5 0.0115105
20898.4 0.0115476
21278.4 0.0115797
21658.4 0.0116071
22038.4 0.0116299
22418.3 0.0116484
22798.3 0.0116627
23178.3 0.0116729
23558.2 0.0116794
23938.2 0.0116821
24318.2 0.0116812
24698.2 0.0116769
25078.1 0.0116692
25458.1 0.0116583
25838.1 0.0116442
26218 0.0116271
26598 0.0116071
26978 0.0115841
27358 0.0115584
27737.9 0.01153
28117.9 0.0114989
28497.9 0.0114652
28877.8 0.011429
29257.8 0.0113903
29637.8 0.0113493
30017.8 0.0113059
30397.7 0.0112601
30777.7 0.0112122
31157.7 0.011162
31537.7 0.0111097
31917.6 0.0110553
32297.6 0.0109988
32677.6 0.0109402
33057.5 0.0108797
33437.5 0.0108172
33817.5 0.0107528
34197.5 0.0106865
34577.4 0.0106184
34957.4 0.0105484
35337.4 0.0104766
35717.3 0.0104031
36097.3 0.0103278
36477.3 0.0102508
36857.3 0.0101721
37237.2 0.0100918
37617.2 0.0100098
37997.2 0.00992619
38377.1 0.00984101
38757.1 0.00975425
39137.1 0.00966596
39517.1 0.00957613
39897 0.0094848
40277 0.00939198
40657 0.00929769
41036.9 0.00920195
41416.9 0.00910477
41796.9 0.00900618
42176.9 0.00890619
42556.8 0.00880481
42936.8 0.00870206
43316.8 0.00859795
43696.7 0.00849251
44076.7 0.00838573
44456.7 0.00827764
44836.7 0.00816825
45216.6 0.00805757
45596.6 0.00794561
45976.6 0.00783237
46356.5 0.00771788
46736.5 0.00760214
47116.5 0.00748516
47496.5 0.00736694
47876.4 0.00724749
48256.4 0.00712682
48636.4 0.00700493
49016.3 0.00688182
49396.3 0.0067575
49776.3 0.00663197
50156.3 0.00650523
50536.2 0.00637726
50916.2 0.00624807
51296.2 0.00611764
51676.2 0.00598597
52056.1 0.00585304
52436.1 0.00571883
52816.1 0.00558332
53196 0.00544647
53576 0.00530825
53956 0.00516862
54336 0.00502753
54715.9 0.00488492
55095.9 0.0047407
55475.9 0.0045948
55855.8 0.0044471
56235.8 0.00429749
56615.8 0.00414581
56995.8 0.00399189
57375.7 0.00383552
57755.7 0.00367643
58135.7 0.00351434
58515.6 0.00334888
58895.6 0.00317959
59275.6 0.00300596
59655.6 0.00282731
60035.5 0.00264285
60415.5 0.00245156
60795.5 0.00225218
61175.4 0.00204309
61555.4 0.00182219
61935.4 0.00158672
62315.4 0.00133291
62695.3 0.00105552
63075.3 0.000746971
63455.3 0.000395975
63835.2 -1.49207e-05
64215.2 -0.000513166
64595.2 -0.00114228
64975.2 -0.00196705
65355.1 -0.00306828
65735.1 -0.00445809
66115.1 -0.00584881
66495 -0.00672149
66875 -0.00710485
67255 -0.00723362
67635 -0.00726707
68014.9 -0.00727769
68394.9 -0.00727954
68774.9 -0.00728073
69154.8 -0.00728063
69534.8 -0.00728089
69914.8 -0.00728078
70294.8 -0.00728086
70674.7 -0.00728081
71054.7 -0.00728085
71434.7 -0.00728082
71814.6 -0.00728085
72194.6 -0.00728082
72574.6 -0.00728086
72954.6 -0.00728081
73334.5 -0.00728088
73714.5 -0.00728078
74094.5 -0.00728093
74474.5 -0.0072807
74854.4 -0.007281
75234.4 -0.00728041
75614.4 -0.00728431
