# i u(i)
0 -2.32448e-06
126.87 -2.3111e-06
253.739 -2.31074e-06
380.609 -2.37106e-06
507.479 -2.42889e-06
634.349 -2.43594e-06
761.218 -2.36213e-06
888.088 -2.26362e-06
1014.96 -2.22269e-06
1141.83 -2.28922e-06
1268.7 -2.39845e-06
1395.57 -2.44197e-06
1522.44 -2.35506e-06
1649.31 -2.24194e-06
1776.18 -2.24715e-06
1903.05 -2.38776e-06
2029.92 -2.50091e-06
2156.79 -2.45238e-06
2283.66 -2.35802e-06
2410.53 -2.42101e-06
2537.39 -2.45477e-06
2664.26 -2.07183e-06
2791.13 -1.23037e-06
2918 -4.2549e-07
3044.87 1.51617e-06
3171.74 6.68878e-06
3298.61 1.43763e-05
3425.48 3.00239e-05
3552.35 5.96921e-05
3679.22 0.000106051
3806.09 0.000180882
3932.96 0.000286133
4059.83 0.000411415
4186.7 0.000549836
4313.57 0.000695187
4440.44 0.000839165
4567.31 0.000974549
4694.18 0.00109715
4821.05 0.00120561
4947.92 0.00130044
5074.79 0.00138305
5201.66 0.00145515
5328.53 0.00151837
5455.4 0.00157417
5582.27 0.00162378
5709.14 0.00166818
5836.01 0.00170817
5962.88 0.00174441
6089.75 0.0017774
6216.62 0.00180756
6343.49 0.00183523
6470.36 0.00186069
6597.23 0.00188416
6724.1 0.00190584
6850.97 0.00192588
6977.84 0.00194442
7104.71 0.00196157
7231.58 0.00197743
7358.45 0.00199208
7485.31 0.0020056
7612.18 0.00201804
7739.05 0.00202946
7865.92 0.0020399
7992.79 0.00204941
8119.66 0.00205802
8246.53 0.00206577
8373.4 0.00207267
8500.27 0.00207875
8627.14 0.00208403
8754.01 0.00208853
8880.88 0.00209226
9007.75 0.00209523
9134.62 0.00209745
9261.49 0.00209893
9388.36 0.00209966
9515.23 0.00209966
9642.1 0.00209892
9768.97 0.00209744
9895.84 0.00209522
10022.7 0.00209225
10149.6 0.00208851
10276.4 0.00208401
10403.3 0.00207873
10530.2 0.00207264
10657.1 0.00206574
10783.9 0.00205799
10910.8 0.00204938
11037.7 0.00203986
11164.5 0.00202942
11291.4 0.00201799
11418.3 0.00200555
11545.1 0.00199203
11672 0.00197738
11798.9 0.00196152
11925.8 0.00194436
12052.6 0.00192582
12179.5 0.00190578
12306.4 0.0018841
12433.2 0.00186062
12560.1 0.00183516
12687 0.00180749
12813.8 0.00177733
12940.7 0.00174434
13067.6 0.0017081
13194.5 0.00166811
13321.3 0.0016237
13448.2 0.0015741
13575.1 0.00151829
13701.9 0.00145507
13828.8 0.00138298
13955.7 0.00130036
14082.5 0.00120553
14209.4 0.00109707
14336.3 0.000974471
14463.2 0.000839086
14590 0.000695107
14716.9 0.000549756
14843.8 0.000411334
14970.6 0.000286052
15097.5 0.0001808
15224.4 0.000105969
15351.2 5.96103e-05
15478.1 2.99439e-05
15605 1.4297e-05
15731.8 6.61352e-06
15858.7 1.43872e-06
15985.6 -5.05373e-07
16112.5 -1.29977e-06
16239.3 -2.1354e-06
16366.2 -2.52987e-06
16493.1 -2.49887e-06
16619.9 -2.43757e-06
16746.8 -2.52976e-06
16873.7 -2.5785e-06
17000.5 -2.4659e-06
17127.4 -2.32384e-06
17254.3 -2.31576e-06
17381.2 -2.42633e-06
17508 -2.5137e-06
17634.9 -2.47211e-06
17761.8 -2.36443e-06
17888.6 -2.29875e-06
18015.5 -2.33797e-06
18142.4 -2.43467e-06
18269.2 -2.5068e-06
18396.1 -2.50022e-06
18523 -2.44413e-06
18649.9 -2.38656e-06
18776.7 -2.38838e-06
18903.6 -2.40225e-06
