# i u(i)
0 -3.78058e-06
12.687 -6.41504e-06
25.3739 -8.21415e-06
38.0609 -9.43416e-06
50.7479 -1.0257e-05
63.4349 -1.08089e-05
76.1218 -1.11747e-05
88.8088 -1.14115e-05
101.496 -1.15562e-05
114.183 -1.16315e-05
126.87 -1.16493e-05
139.557 -1.16125e-05
152.244 -1.15164e-05
164.931 -1.13495e-05
177.618 -1.10911e-05
190.305 -1.07088e-05
202.992 -1.0154e-05
215.679 -9.35395e-06
228.366 -8.20085e-06
241.053 -6.53436e-06
253.739 -4.11568e-06
266.426 -5.89724e-07
279.113 4.56714e-06
291.8 1.2113e-05
304.487 2.31079e-05
317.174 3.89499e-05
329.861 6.13165e-05
342.548 9.19152e-05
355.235 0.000131954
367.922 0.000181391
380.609 0.000238375
393.296 0.000299543
405.983 0.000361228
418.67 0.000420625
431.357 0.000476171
444.044 0.000527285
456.731 0.000573971
469.418 0.00061651
482.105 0.000655279
494.792 0.000690667
507.479 0.000723032
520.166 0.000752691
532.853 0.000779917
545.54 0.000804946
558.227 0.000827979
570.914 0.000849188
583.601 0.000868721
596.288 0.000886707
608.975 0.000903257
621.662 0.00091847
634.349 0.00093243
647.036 0.000945215
659.723 0.00095689
672.41 0.000967516
685.097 0.000977147
697.784 0.000985829
710.471 0.000993606
723.158 0.00100052
735.845 0.0010066
748.531 0.00101188
761.218 0.00101638
773.905 0.00102015
786.592 0.00102319
799.279 0.00102553
811.966 0.00102719
824.653 0.00102819
837.34 0.00102854
850.027 0.00102825
862.714 0.00102731
875.401 0.00102575
888.088 0.00102357
900.775 0.00102078
913.462 0.00101741
926.149 0.00101344
938.836 0.00100889
951.523 0.00100376
964.21 0.000998062
976.897 0.000991787
989.584 0.00098494
1002.27 0.000977522
1014.96 0.000969532
1027.64 0.000960966
1040.33 0.000951822
1053.02 0.000942095
1065.71 0.000931778
1078.39 0.000920864
1091.08 0.000909343
1103.77 0.000897204
1116.45 0.000884436
1129.14 0.000871022
1141.83 0.000856948
1154.51 0.000842192
1167.2 0.000826734
1179.89 0.00081055
1192.58 0.000793611
1205.26 0.000775885
1217.95 0.000757339
1230.64 0.000737931
1243.32 0.000717616
1256.01 0.000696343
1268.7 0.000674053
1281.38 0.000650679
1294.07 0.000626144
1306.76 0.000600361
1319.45 0.000573227
1332.13 0.000544626
1344.82 0.000514419
1357.51 0.000482446
1370.19 0.000448519
1382.88 0.000412416
1395.57 0.000373878
1408.25 0.000332605
1420.94 0.000288255
1433.63 0.00024046
1446.32 0.000188863
1459 0.000133207
1471.69 7.35167e-05
1484.38 1.03981e-05
1497.06 -5.4557e-05
1509.75 -0.000118523
1522.44 -0.000177822
1535.12 -0.0002291
1547.81 -0.000270543
1560.5 -0.000302161
1573.18 -0.000325231
1585.87 -0.000341527
1598.56 -0.000352789
1611.25 -0.00036047
1623.93 -0.000365676
1636.62 -0.000369199
1649.31 -0.000371588
1661.99 -0.000373215
1674.68 -0.000374328
1687.37 -0.000375091
1700.05 -0.000375616
1712.74 -0.000375975
1725.43 -0.000376218
1738.12 -0.000376376
1750.8 -0.00037647
1763.49 -0.000376513
1776.18 -0.00037651
1788.86 -0.00037646
1801.55 -0.000376355
1814.24 -0.000376178
1826.92 -0.0003759
1839.61 -0.000375479
1852.3 -0.000374847
1864.99 -0.000373909
1877.67 -0.00037252
1890.36 -0.000370476
