# i u(i)
0 5.58264e-05
379.972 5.56181e-05
759.943 5.51494e-05
1139.92 5.54171e-05
1519.89 5.51942e-05
1899.86 5.53698e-05
2279.83 5.5224e-05
2659.8 5.53224e-05
3039.77 5.52308e-05
3419.75 5.53014e-05
3799.72 5.52314e-05
4179.69 5.52852e-05
4559.66 5.52068e-05
4939.63 5.5286e-05
5319.6 5.51621e-05
5699.58 5.53117e-05
6079.55 5.51043e-05
6459.52 5.53379e-05
6839.49 5.50382e-05
7219.46 5.52262e-05
7599.43 5.49212e-05
7979.41 5.37389e-05
8359.38 5.16506e-05
8739.35 3.84108e-05
9119.32 2.78337e-05
9499.29 -1.03904e-05
9879.26 5.92711e-05
10259.2 0.000219297
10639.2 0.000396991
11019.2 0.000557268
11399.2 0.000692841
11779.1 0.000803657
12159.1 0.000894025
12539.1 0.000968359
12919 0.00103029
13299 0.00108243
13679 0.00112661
14059 0.00116414
14438.9 0.00119599
14818.9 0.00122287
15198.9 0.00124534
15578.8 0.00126384
15958.8 0.00127875
16338.8 0.00129037
16718.8 0.00129894
17098.7 0.00130468
17478.7 0.00130779
17858.7 0.00130841
18238.6 0.00130671
18618.6 0.0013028
18998.6 0.00129677
19378.6 0.00128872
19758.5 0.00127874
20138.5 0.00126693
20518.5 0.00125336
20898.4 0.00123811
21278.4 0.00122124
21658.4 0.00120281
22038.4 0.00118289
22418.3 0.00116152
22798.3 0.00113874
23178.3 0.00111462
23558.2 0.00108918
23938.2 0.00106247
24318.2 0.00103452
24698.2 0.00100536
25078.1 0.000975038
25458.1 0.000943571
25838.1 0.00091099
26218 0.000877322
26598 0.000842591
26978 0.000806821
27358 0.000770035
27737.9 0.000732254
28117.9 0.000693497
28497.9 0.000653784
28877.8 0.000613132
29257.8 0.000571558
29637.8 0.00052908
30017.8 0.000485711
30397.7 0.000441467
30777.7 0.000396362
31157.7 0.000350408
31537.7 0.000303619
31917.6 0.000256007
32297.6 0.000207582
32677.6 0.000158357
33057.5 0.000108341
33437.5 5.7544e-05
33817.5 5.97585e-06
34197.5 -4.63546e-05
34577.4 -9.94387e-05
34957.4 -0.000153268
35337.4 -0.000207836
35717.3 -0.000263134
36097.3 -0.000319155
36477.3 -0.000375893
36857.3 -0.000433342
37237.2 -0.000491495
37617.2 -0.000550347
37997.2 -0.000609892
38377.1 -0.000670126
38757.1 -0.000731044
39137.1 -0.00079264
39517.1 -0.000854912
39897 -0.000917856
40277 -0.000981467
40657 -0.00104574
41036.9 -0.00111068
41416.9 -0.00117627
41796.9 -0.00124253
42176.9 -0.00130943
42556.8 -0.00137699
42936.8 -0.0014452
43316.8 -0.00151406
43696.7 -0.00158357
44076.7 -0.00165372
44456.7 -0.00172453
44836.7 -0.00179598
45216.6 -0.00186808
45596.6 -0.00194082
45976.6 -0.00201422
46356.5 -0.00208827
46736.5 -0.00216297
47116.5 -0.00223832
47496.5 -0.00231434
47876.4 -0.00239101
48256.4 -0.00246835
48636.4 -0.00254635
49016.3 -0.00262503
49396.3 -0.00270439
49776.3 -0.00278443
50156.3 -0.00286516
50536.2 -0.00294659
50916.2 -0.00302872
51296.2 -0.00311156
51676.2 -0.00319513
52056.1 -0.00327944
52436.1 -0.00336448
52816.1 -0.00345029
53196 -0.00353687
53576 -0.00362424
53956 -0.00371242
54336 -0.00380142
54715.9 -0.00389127
55095.9 -0.00398199
55475.9 -0.00407361
55855.8 -0.00416615
56235.8 -0.00425966
56615.8 -0.00435417
56995.8 -0.00444972
57375.7 -0.00454637
57755.7 -0.00464416
58135.7 -0.00474317
58515.6 -0.00484347
58895.6 -0.00494514
59275.6 -0.00504829
59655.6 -0.00515304
60035.5 -0.00525952
60415.5 -0.00536791
60795.5 -0.00547841
61175.4 -0.00559126
61555.4 -0.00570676
61935.4 -0.00582527
62315.4 -0.00594727
62695.3 -0.00607331
63075.3 -0.00620416
63455.3 -0.00634076
63835.2 -0.00648433
64215.2 -0.00663602
64595.2 -0.0067968
64975.2 -0.00696515
65355.1 -0.0071384
65735.1 -0.00728959
66115.1 -0.00735296
66495 -0.00732033
66875 -0.00731189
67255 -0.00729724
67635 -0.00729643
68014.9 -0.00729418
68394.9 -0.00729469
68774.9 -0.00729426
69154.8 -0.00729441
69534.8 -0.00729433
69914.8 -0.00729433
70294.8 -0.00729433
70674.7 -0.00729431
71054.7 -0.00729432
71434.7 -0.00729427
71814.6 -0.0072943
72194.6 -0.00729423
72574.6 -0.00729429
72954.6 -0.0072942
73334.5 -0.00729428
73714.5 -0.00729412
74094.5 -0.00729429
74474.5 -0.00729405
74854.4 -0.00729431
75234.4 -0.00729382
75614.4 -0.00729349
