# i u(i)
0 5.18814e-05
379.972 5.13723e-05
759.943 5.08791e-05
1139.92 5.10999e-05
1519.89 5.0824e-05
1899.86 5.09486e-05
2279.83 5.07564e-05
2659.8 5.08212e-05
3039.77 5.06838e-05
3419.75 5.0695e-05
3799.72 5.05771e-05
4179.69 5.05961e-05
4559.66 5.04778e-05
4939.63 5.05052e-05
5319.6 5.03464e-05
5699.58 5.04332e-05
6079.55 5.01768e-05
6459.52 5.03787e-05
6839.49 5.00149e-05
7219.46 5.02029e-05
7599.43 4.97671e-05
7979.41 4.86321e-05
8359.38 4.63341e-05
8739.35 3.32047e-05
9119.32 2.24136e-05
9499.29 -1.5514e-05
9879.26 5.68492e-05
10259.2 0.000225632
10639.2 0.000421138
11019.2 0.000607342
11399.2 0.000773922
11779.1 0.000918002
12159.1 0.00104204
12539.1 0.00114943
12919 0.00124333
13299 0.00132612
13679 0.00139962
14059 0.00146513
14438.9 0.00152367
14818.9 0.00157603
15198.9 0.00162284
15578.8 0.0016646
15958.8 0.00170176
16338.8 0.00173467
16718.8 0.00176365
17098.7 0.00178895
17478.7 0.00181083
17858.7 0.00182947
18238.6 0.00184508
18618.6 0.0018578
18998.6 0.00186779
19378.6 0.00187517
19758.5 0.00188007
20138.5 0.00188257
20518.5 0.00188279
20898.4 0.00188084
21278.4 0.00187678
21658.4 0.00187071
22038.4 0.0018627
22418.3 0.00185281
22798.3 0.00184113
23178.3 0.00182769
23558.2 0.00181256
23938.2 0.00179579
24318.2 0.00177743
24698.2 0.00175752
25078.1 0.00173611
25458.1 0.00171323
25838.1 0.00168893
26218 0.00166323
26598 0.00163617
26978 0.00160779
27358 0.0015781
27737.9 0.00154715
28117.9 0.00151495
28497.9 0.00148153
28877.8 0.00144691
29257.8 0.00141112
29637.8 0.00137417
30017.8 0.00133609
30397.7 0.0012969
30777.7 0.00125661
31157.7 0.00121523
31537.7 0.0011728
31917.6 0.00112931
32297.6 0.00108479
32677.6 0.00103924
33057.5 0.000992688
33437.5 0.000945138
33817.5 0.000896602
34197.5 0.000847092
34577.4 0.000796617
34957.4 0.000745188
35337.4 0.000692812
35717.3 0.000639498
36097.3 0.000585255
36477.3 0.000530089
36857.3 0.000474007
37237.2 0.000417015
37617.2 0.00035912
37997.2 0.000300326
38377.1 0.000240638
38757.1 0.000180062
39137.1 0.000118599
39517.1 5.62553e-05
39897 -6.96783e-06
40277 -7.10675e-05
40657 -0.000136042
41036.9 -0.000201889
41416.9 -0.000268607
41796.9 -0.000336197
42176.9 -0.000404659
42556.8 -0.000473991
42936.8 -0.000544196
43316.8 -0.000615274
43696.7 -0.000687228
44076.7 -0.00076006
44456.7 -0.000833773
44836.7 -0.000908371
45216.6 -0.000983857
45596.6 -0.00106024
45976.6 -0.00113752
46356.5 -0.0012157
46736.5 -0.0012948
47116.5 -0.00137482
47496.5 -0.00145576
47876.4 -0.00153765
48256.4 -0.00162048
48636.4 -0.00170427
49016.3 -0.00178904
49396.3 -0.00187479
49776.3 -0.00196154
50156.3 -0.0020493
50536.2 -0.0021381
50916.2 -0.00222794
51296.2 -0.00231886
51676.2 -0.00241087
52056.1 -0.002504
52436.1 -0.00259827
52816.1 -0.00269372
53196 -0.00279036
53576 -0.00288824
53956 -0.00298739
54336 -0.00308786
54715.9 -0.00318968
55095.9 -0.0032929
55475.9 -0.00339758
55855.8 -0.00350377
56235.8 -0.00361155
56615.8 -0.00372098
56995.8 -0.00383213
57375.7 -0.00394512
57755.7 -0.00406002
58135.7 -0.00417696
58515.6 -0.00429606
58895.6 -0.00441748
59275.6 -0.00454139
59655.6 -0.00466797
60035.5 -0.00479746
60415.5 -0.00493011
60795.5 -0.00506626
61175.4 -0.00520626
61555.4 -0.00535055
61935.4 -0.00549966
62315.4 -0.00565423
62695.3 -0.00581497
63075.3 -0.00598275
63455.3 -0.00615842
63835.2 -0.00634269
64215.2 -0.0065354
64595.2 -0.00673486
64975.2 -0.0069354
65355.1 -0.00713016
65735.1 -0.00729128
66115.1 -0.00735745
66495 -0.0073251
66875 -0.00731644
67255 -0.00730191
67635 -0.00730086
68014.9 -0.0072987
68394.9 -0.00729905
68774.9 -0.00729866
69154.8 -0.0072987
69534.8 -0.00729863
69914.8 -0.00729856
70294.8 -0.00729852
70674.7 -0.00729844
71054.7 -0.00729841
71434.7 -0.00729832
71814.6 -0.00729832
72194.6 -0.0072982
72574.6 -0.00729821
72954.6 -0.00729807
73334.5 -0.00729812
73714.5 -0.00729792
74094.5 -0.00729804
74474.5 -0.00729775
74854.4 -0.00729797
75234.4 -0.00729746
75614.4 -0.00729686
