# i u(i)
0 6.2668e-05
379.972 6.64527e-05
759.943 6.58749e-05
1139.92 6.61596e-05
1519.89 6.59328e-05
1899.86 6.60854e-05
2279.83 6.59929e-05
2659.8 6.60581e-05
3039.77 6.60118e-05
3419.75 6.60561e-05
3799.72 6.60236e-05
4179.69 6.60627e-05
4559.66 6.60028e-05
4939.63 6.60862e-05
5319.6 6.59507e-05
5699.58 6.61516e-05
6079.55 6.58397e-05
6459.52 6.64331e-05
6839.49 6.5821e-05
7219.46 6.78293e-05
7599.43 6.84434e-05
7979.41 8.09816e-05
8359.38 0.000111401
8739.35 0.000244874
9119.32 0.000621395
9499.29 0.00153404
9879.26 0.00305327
10259.2 0.00458781
10639.2 0.00582312
11019.2 0.00676637
11399.2 0.0074947
11779.1 0.00807329
12159.1 0.00854687
12539.1 0.00894451
12919 0.00928513
13299 0.00958128
13679 0.00984158
14059 0.0100722
14438.9 0.0102775
14818.9 0.0104611
15198.9 0.0106256
15578.8 0.0107731
15958.8 0.0109053
16338.8 0.0110237
16718.8 0.0111295
17098.7 0.0112235
17478.7 0.0113062
17858.7 0.0113785
18238.6 0.0114411
18618.6 0.0114946
18998.6 0.0115396
19378.6 0.0115766
19758.5 0.0116059
20138.5 0.011628
20518.5 0.0116431
20898.4 0.0116518
21278.4 0.0116541
21658.4 0.0116504
22038.4 0.0116409
22418.3 0.0116258
22798.3 0.0116054
23178.3 0.0115798
23558.2 0.0115492
23938.2 0.0115138
24318.2 0.0114737
24698.2 0.0114291
25078.1 0.0113801
25458.1 0.0113267
25838.1 0.0112693
26218 0.0112078
26598 0.0111423
26978 0.011073
27358 0.011
27737.9 0.0109233
28117.9 0.010843
28497.9 0.0107592
28877.8 0.010672
29257.8 0.0105814
29637.8 0.0104876
30017.8 0.0103905
30397.7 0.0102903
30777.7 0.010187
31157.7 0.0100807
31537.7 0.00997142
31917.6 0.0098592
32297.6 0.0097441
32677.6 0.00962618
33057.5 0.00950549
33437.5 0.00938206
33817.5 0.00925595
34197.5 0.0091272
34577.4 0.00899583
34957.4 0.00886191
35337.4 0.00872546
35717.3 0.00858652
36097.3 0.00844512
36477.3 0.00830131
36857.3 0.00815511
37237.2 0.00800655
37617.2 0.00785567
37997.2 0.0077025
38377.1 0.00754706
38757.1 0.00738939
39137.1 0.00722952
39517.1 0.00706746
39897 0.00690325
40277 0.00673691
40657 0.00656847
41036.9 0.00639794
41416.9 0.00622536
41796.9 0.00605075
42176.9 0.00587413
42556.8 0.00569552
42936.8 0.00551493
43316.8 0.00533241
43696.7 0.00514795
44076.7 0.00496159
44456.7 0.00477333
44836.7 0.00458321
45216.6 0.00439124
45596.6 0.00419743
45976.6 0.0040018
46356.5 0.00380438
46736.5 0.00360517
47116.5 0.0034042
47496.5 0.00320148
47876.4 0.00299702
48256.4 0.00279085
48636.4 0.00258296
49016.3 0.00237339
49396.3 0.00216214
49776.3 0.00194923
50156.3 0.00173467
50536.2 0.00151847
50916.2 0.00130065
51296.2 0.00108122
51676.2 0.00086019
52056.1 0.000637569
52436.1 0.000413368
52816.1 0.000187596
53196 -3.97364e-05
53576 -0.000268624
53956 -0.000499061
54336 -0.000731044
54715.9 -0.000964572
55095.9 -0.00119965
55475.9 -0.00143628
55855.8 -0.00167447
56235.8 -0.00191424
56615.8 -0.00215563
56995.8 -0.00239866
57375.7 -0.00264339
57755.7 -0.0028899
58135.7 -0.00313827
58515.6 -0.00338865
58895.6 -0.0036412
59275.6 -0.00389617
59655.6 -0.00415387
60035.5 -0.00441472
60415.5 -0.0046793
60795.5 -0.00494836
61175.4 -0.00522297
61555.4 -0.00550457
61935.4 -0.0057952
62315.4 -0.00609777
62695.3 -0.00641651
63075.3 -0.00675785
63455.3 -0.00713174
63835.2 -0.00755413
64215.2 -0.00805097
64595.2 -0.00866468
64975.2 -0.00946006
65355.1 -0.0105206
65735.1 -0.0118628
66115.1 -0.0132107
66495 -0.01407
66875 -0.0144557
67255 -0.0145829
67635 -0.0146173
68014.9 -0.0146273
68394.9 -0.0146296
68774.9 -0.0146305
69154.8 -0.0146306
69534.8 -0.0146307
69914.8 -0.0146307
70294.8 -0.0146307
70674.7 -0.0146307
71054.7 -0.0146307
71434.7 -0.0146307
71814.6 -0.0146307
72194.6 -0.0146307
72574.6 -0.0146307
72954.6 -0.0146307
73334.5 -0.0146307
73714.5 -0.0146306
74094.5 -0.0146308
74474.5 -0.0146305
74854.4 -0.0146308
75234.4 -0.0146303
75614.4 -0.0146342
